10,69,9,63,6,6,27,55,51,61,26,6,34,32,24,14,66,38,70,24,10,48,22,67,42,1,68,8,40,4,12,36,3,44,68:5,5,1,1,10,9,8,2,7,1,6,5,8,2,9,3,9,6,5,7,9,8,6,5,3,2,10,9,9,5,4,8,3,10,10
64,32,42:5,5,6
68,43,67,26,69,11,39,57,22,39,73,68,9,55,11,32,50,40,8,1,40,7,20,10,62,2,34,21,58,29,2,33,51,32,53,62,9,67,13,54,71,65,45,74,56,70,48,52,57,32,59,24,38,15,55,28:3,7,1,3,9,8,6,2,3,6,3,4,10,1,7,8,5,2,3,10,1,1,4,4,7,7,5,1,5,9,9,9,6,6,5,6,7,2,2,10,1,10,2,10,6,1,4,1,4,1,9,6,2,5,6,4
5,17,7,33,56,30,18,14,53,27,3,14,23,48,66,29,59,57,21,60,32,37,66,40,63,73,9,6,22,59,43,38,11,32,39,53,20,73,70,34,62,32,40,45,45,60,55,70,27,20,22,32,67,68,8,16,2,48,29,66,56,17,6,61,20,26,7,69,16,41,5,74,67,2,32,18,58,9,62,47,55,56,28,49,1,42:6,6,3,6,4,4,8,7,7,7,9,6,10,2,5,10,6,2,3,8,5,6,6,5,10,2,5,9,6,3,1,7,7,9,6,2,1,3,10,9,10,1,8,9,9,10,2,2,2,7,1,3,4,9,3,7,2,7,2,3,8,10,10,8,1,8,9,3,10,2,5,1,4,1,6,10,9,6,9,8,5,8,7,2,7,2
30,63,34,35,48,61,31,9,3,36,31,73,10,55,52,12,22,38,2,24,13,42,29,33,8,39,46,42,37,65,34,6,70,19,18,28,72,20,27,73,19,24,29,25,1,17,65,6,61,12,4,42,36,52,15,73,12,21,62,17,58,4:9,4,3,4,7,7,6,4,10,4,3,7,9,2,9,7,4,10,9,1,2,1,8,4,9,2,3,1,5,1,3,1,6,2,9,1,7,9,6,3,1,4,7,3,6,6,3,6,5,9,3,3,4,6,2,6,9,9,2,6,10,7
50,19,49,43,52,1,63,29,35,63,59,32,70,73,60,1,7,10,36,5,40,66,13,57,13,34,41,19,44,18:7,5,7,5,6,8,9,10,2,5,7,1,5,1,7,7,5,4,3,5,6,9,7,5,5,2,3,3,9,9
42,15,2,31,68,25,60,19,5,67,13,23,53,34,51,4,38,21,17,40,39,50,2,37,17,34,33,18,21,57,37,23,19,22,59,50,20,25,46,62,6,39,74,52,64,37,5,17,1,62,10,38,42,15,21,45,65,25,9,48,39,54,6,15,10,24,22,66,42,59,49,74,49,8,4,45,14,44,70,15,50,57,43,20,69,8,54,33,57,20,7,63,68,43,62,4,54,27:4,4,4,5,3,5,5,4,9,8,8,5,10,9,7,3,2,7,7,4,1,3,1,5,7,8,4,5,1,6,5,9,4,7,4,7,10,5,4,1,5,9,8,8,4,4,9,4,6,4,4,8,3,8,10,9,2,3,3,10,1,4,4,10,6,2,9,1,6,7,6,8,8,9,1,9,6,3,9,5,8,8,8,6,9,10,10,2,5,9,9,6,7,7,8,6,2,8
57,59,15,49,41,64,60,32,3,70,14,29,21,5,3,1,74,53,60,67,10,37,4,40,67,62,42,56,8,42,7,41,48,20,26,64,49,63,17,23,72,39,48,58,5,36,26,14,26,64,5,22,61,48,53,49,36,17,65,44,8,65,69,34,57,29,62,71,71,30,31,47,5,51,10,10,26,29,32,52,71,11,66,31,22:6,1,2,5,4,2,7,10,5,3,8,5,2,9,10,6,2,2,7,7,2,2,8,2,2,10,1,1,3,1,9,1,4,6,4,10,7,8,9,7,3,5,5,4,3,9,3,6,10,5,7,2,6,5,9,10,6,3,10,10,5,8,9,1,4,3,7,7,8,1,4,7,1,2,5,7,1,7,5,6,10,6,4,5,4
56,7,31,37,34,12,22,36:7,1,9,7,10,4,10,1
33,43,34,67,65,71,46,4,16,67,69,42,24,14,73,66,57,28,65,20,18,15,61,26,11,50,2,33,48,43,50,18,14,64,3,32,2,56,50,24,71,18,26,29,15,65,44,39,26,73,3,36,47,47,57,42,12,58,12,67,54,70,13,57,59,53,56,29,49,68,48,58,6,24,27:10,6,9,2,1,3,6,1,7,4,5,7,4,6,2,2,9,6,6,3,4,3,3,7,1,6,4,1,5,9,8,2,5,6,1,8,7,7,1,4,5,2,5,2,5,5,4,4,4,4,6,10,1,8,4,2,9,5,5,10,3,5,2,4,10,7,3,4,5,3,2,8,4,6,3
53,69,13,4,15,52,55,19,50,19,38,54,7,33,52,33,28,10,68,27,47,40,33,68,60,23,2,14,70,57,65,10,68,51,42,7,70,31,39,23,24,34,67,18,18,49,22,29:5,8,10,7,5,7,7,1,3,3,4,1,5,1,2,2,3,6,1,9,2,7,5,6,6,2,9,8,10,10,5,4,2,2,10,9,5,6,6,10,5,10,1,9,5,5,1,8
60,41,64,74,48,72,53,44,9,8,13,15,73,42,72,27,8,20,25,64,39,25,54,28,25,11,27,43,56,17,64,41,23,37,63,7,2,12,8,59,68:10,9,3,7,1,8,1,1,5,5,5,6,6,1,2,10,2,4,9,3,7,3,6,8,10,5,9,4,5,4,10,10,4,7,5,1,9,2,8,6,10
56,55,60,25,25,42,42,29,3,5,60,56,24,41,56,58,71,33,49,30,42,17,5,49,20,49,36,6,8,47,23,23,22,63,4,37,68,48,73,29,67,58,32,44,28,8,59,42,1,49,16,62,63,2,67,2,60,62,22,2,4,55,5,48,40,29,12,63,43,3,26,46,63,35,50,65,15,27,53,16,60,15,7,21,11,41,17,68:2,8,10,5,4,8,8,8,2,6,5,6,5,5,7,1,4,2,3,3,5,9,8,7,6,1,6,4,1,9,10,1,9,9,8,10,6,4,4,3,4,1,9,2,1,7,2,3,2,5,3,7,4,10,9,1,8,10,6,8,9,2,10,2,2,6,9,10,9,7,7,1,4,8,2,3,5,7,6,7,10,9,8,4,1,9,10,5
32,20,29,12,6,73,22,70,46,9,20,40,4,15,5,20,60,18,15,16,29,62,73,37,31,39,38,71,39,51,48,21,23,62,38,11,42,42,39,23,32,67,40,61,67,3,16,63,5,8,72,50,9,15,45,5,25,45,25,3,21,54,45,14,39,45,16,25,22,29,18,51,73,5,15,43,7,38,9,8,9,43,74,5,56,27,13,38,21,74,66,64,38,47,72,31:5,4,1,6,7,3,8,4,10,10,8,8,7,5,1,5,2,5,1,8,4,7,4,7,4,6,5,4,5,6,1,6,2,2,6,5,9,9,6,10,7,3,9,3,8,8,5,5,8,3,8,2,1,9,2,4,8,2,2,7,3,6,8,4,9,2,3,6,10,3,7,7,3,4,9,7,1,10,9,3,4,10,8,3,7,9,3,6,9,8,7,2,3,3,2,2
35,16,38,56,61,71,18,38,2,2,59,30,67,34,11,52,5,67,68,70,33,45,43,40,14,15,32,13,62,70,45,27,18,48,47,29,42,31,60,68,31,12,65,39,18,46,17,47,51,17,20,2,47,38,62,41,66,3,16,6,54,73,8,61,69,71,10,37,74,3,28,6:7,2,6,5,1,8,5,3,10,10,7,8,5,1,9,10,6,4,10,3,6,7,6,4,10,9,10,10,6,4,1,9,8,1,3,1,6,8,7,1,8,8,6,8,8,5,3,1,7,8,10,4,10,1,9,5,1,4,3,3,8,3,2,4,9,3,9,6,3,2,8,10
50,60,65,49,46,37,11,47,60,26,49,21,48,3,11,3,46,42,31,68,68,10,21,7,15,56,2,41,25,30,54,45,11,51,41,66,27,53,58,3,62,45,8,45,35,30,24,17,30,57,65,7,40,70,59,1,70,1,14,8,30,7,46,54,53,34,58,47,51,41,36,32,1,28,5,43,38,47,60,27,43,26,73,62,49,35,18,18,65,52,26,41,71,32,50,8,30,5:8,1,4,7,8,3,9,10,7,8,7,7,1,8,7,5,2,4,4,1,10,2,3,7,2,5,5,5,8,5,4,10,7,10,3,3,8,10,9,8,8,3,9,2,8,5,4,7,10,4,6,4,9,5,10,7,6,7,4,7,2,6,9,4,5,9,2,1,5,2,7,3,7,2,5,6,8,9,3,5,2,3,7,2,1,9,6,5,3,3,9,6,5,1,9,8,4,8
10,61,28,52,29,11,22,11,42,68,63,49,53,37,50,32,49,16,50,25,56,24,12,60,57,8,10,9,33,30,66,49,49,74,14,23,57,24,10,8,46,45,60,57,30,44,37,56,72,38,54,50,31,41,30,32,13,35,45,18,4,59,28,11,28,2,22,47,74,68,20,48,47,5,71,37,31,7,43,5,19,68,18:8,3,9,4,4,1,7,5,6,7,9,9,7,3,7,2,4,7,7,1,8,10,5,3,3,9,5,6,6,2,7,4,5,6,1,9,6,9,6,7,10,3,3,10,5,7,7,2,8,4,10,3,4,6,5,3,1,4,2,4,1,2,10,2,7,5,8,9,8,5,9,1,10,8,7,5,1,3,7,3,1,4,1
59,30,37,10,13,33,69,57,34,17,61,29,27,73,5,50,73,36,73,11,37,26,71:6,10,10,7,6,9,7,10,3,4,4,9,7,3,7,8,7,7,5,3,8,1,2
64,38,26,44,72:9,6,10,7,4
63,30,27,25,68,24,55,29,37,35,46,10,58,70,35,3,13,71,7,63,74,54,74,72,15,20,42,16,5,67,18,3,55,33,48,6,64,21,44,74,52,72,48,73,68,54,40,61,16,4,15,74,32,16,3,54,31,70,19,31,66,28,2,18,74,28,14,18,14,41,34,17:5,7,6,10,9,7,9,3,3,8,5,4,2,6,1,10,6,7,7,8,3,5,7,10,1,1,6,4,1,10,7,5,5,7,9,4,8,1,1,5,4,4,3,7,1,4,6,10,6,3,7,4,8,6,8,8,3,2,3,4,3,5,4,5,3,6,4,10,8,9,8,8
9,49,68,33,60,15,29,55,23,40,33,46,37,64,6,54,22,5,72,47,56,4,60,64,47,53,61,44,22,51,67,41,40,13,59,72,31,1,71,70,6,60,37,27,1,62,1,49,39,15,41,4,42,46,16,2,12,42:9,1,1,1,9,3,5,6,4,10,4,4,5,6,4,1,1,7,10,7,4,6,10,5,1,7,10,9,4,9,7,1,1,1,7,7,9,6,2,4,3,10,3,6,9,8,10,4,5,4,5,5,6,1,6,7,10,1
34,47,24,5,38,33,48,29,72,50,40,6,13,58,47,38,57,1,39,47,25,6,18,23,60,28,1,63,18,23,30,8,65,71,35,16,38,63,43,24,36,35,46,38,14,68,64,6,20,71,42,39,52:9,8,5,6,8,6,3,1,6,5,7,7,1,8,4,7,1,9,7,9,5,10,5,2,1,8,10,8,2,8,3,2,6,2,5,1,9,6,9,5,4,1,9,9,3,10,10,5,10,2,1,1,4
14,59,65,48,32,14,39,34,58,31,8,30,19,6,60,30,45,37,57,6,31,48,10,67,36,63,64,34,13,63,2,51,24,41,72,34,17,60,26,23,57,60,15,27,46,58,11,19:5,6,8,4,7,6,9,1,2,3,1,10,9,10,3,1,1,2,5,6,6,10,8,6,8,4,4,4,7,4,7,10,5,9,1,5,1,5,6,5,9,8,9,7,2,7,6,10
74,53,30,46,74,27,6,67,46,67,47,59,28,25,68,6,52,62,38,22,45,51,65,59,71,35,73,73,49,58,27,1,18,5,35,10,39,13,58,40,13,51,62,37,12,16,49,28,32,37,67,24,31,25,67,28,10,15,16,41,23,20,72,39,9,45,29,9,41,66:8,8,3,1,3,2,8,8,4,3,4,8,1,9,9,1,5,10,6,7,6,1,8,1,3,6,2,4,6,6,9,7,7,9,8,9,6,10,2,5,6,10,10,6,3,4,4,7,3,9,3,5,10,8,8,4,5,4,10,10,9,8,10,2,5,1,1,8,7,9
30,36,18,66,49,58,12,48,26,45,54,40,28:8,5,10,8,1,9,1,8,7,9,5,8,8
3,40,40,73,32,61,8,36,57,74,68,66,35,24,13,54,60,56,53,69,19,16,72,40,16,48,48,21,57,71,6,61,74,30,57,22,25,21,34,63,9,33,38,33,69,43,46,53,33,34,21,57,8,29,61,13,38,51,10,56,62,17,44,48,35,42,55,64,59,56,62,58,31,68,74,71,34,12,48,22,67,24,8,6,22,12,69,27,41,73,45,65:10,5,4,10,3,6,5,10,9,2,3,2,7,7,9,8,8,10,2,3,1,10,2,1,6,2,7,10,10,8,6,9,4,4,3,7,3,9,8,2,5,1,6,7,10,7,4,4,10,8,10,8,9,2,10,8,4,2,9,8,9,10,8,9,8,4,10,7,2,4,10,10,5,4,2,6,10,1,9,2,10,5,4,3,9,3,5,6,4,5,2,4
56,65,5,12,21,17,55,53,39,34,21,27,37,14,1,68,15,9,70,56,19,4,28,50,22,69,69,16,58,8,29,37,44,54,62,65,31,15,12,17,14,33,71,31,47,4,74,44,35,31,1,39,63,50,12,72,9,11,71,52,51,19,12,13,71,74,71:6,10,4,5,1,5,6,2,5,8,3,2,5,6,2,3,1,8,3,7,3,6,3,6,5,10,4,5,10,7,8,4,9,9,7,5,6,3,10,1,8,7,9,9,1,3,5,3,2,1,7,5,4,1,2,4,2,3,7,10,6,7,9,6,9,1,2
19,16,13,50,23,45,40,12,6,64,60,11,10,20,4,41,43,6,14,6,3,25,23,58:1,1,7,2,7,2,8,8,7,6,6,1,2,8,9,3,5,9,6,4,6,1,1,9
50,2,36,11,5,18,37,45,64,36,37,57,9,20,51,11,37,65,73,65,10,60,26,59,52,20,28,48,39,44,33,52,52,25,60,47,67,38,12,50,60,63,9,43,71,39,7,63,39,64,5,64,61,6,24,3,50,27,3,25:7,3,10,6,8,10,6,9,8,5,1,8,4,6,2,8,2,1,5,4,4,8,4,10,8,4,1,5,6,7,9,9,2,2,10,8,4,5,2,5,8,7,2,9,3,4,4,8,7,2,4,6,4,8,7,1,1,9,2,3
34,66,3,20,38,74,7,56,56,6,71,13,20,37,6,40,35,73,8,47,31,25,52,14,32,35,34,1,34,57,23,26,67,74,54,20,6,44,67,44,20,59,56,12,23,10,16,13,34,8,45,69,53,52,10,21,52,12,67:4,2,6,3,3,2,2,6,7,3,10,8,6,8,5,9,7,1,9,10,8,9,9,3,6,2,4,9,1,5,5,10,6,7,6,9,8,7,6,7,7,10,2,4,9,2,1,2,9,7,7,7,10,8,4,6,7,3,7
26,72,64,38,64,54,19,25,40,12,65,74,48,56,53,73,62,12,56,60,28,1,69,26:8,7,2,8,2,7,10,3,6,4,4,4,6,10,5,6,7,5,6,5,9,10,8,5
46,20,41,60,7,15,44,47,2,29,64,20,48,29:10,10,7,4,5,3,1,3,1,8,7,4,5,2
21,67,64,9,62,72,62,28,52,4,1,63,37,36,43,65,14,30,45,60,42,48,5,53,69,36,72,17,57,69,55,67,34,23,72,36,65,7,65,38,1,42,68,31:6,10,8,6,4,9,2,4,4,7,1,4,3,5,3,3,1,6,4,1,1,3,5,2,4,10,4,3,10,9,10,4,2,1,6,8,3,5,4,4,6,2,6,5
7,25,22,16,40,55,24,16,34,57,61,42,70,31,64,63,27,1,71,28,71,29,9,29,25,71,55,61:7,4,9,3,5,6,9,7,7,8,9,4,3,6,3,3,9,8,8,5,10,1,9,7,5,10,3,10
46,25,12,53,34,10,54,36,50,54,23,7,20,31,56,44,62,5,4,66,6,7,56,69,1,64,10,74,65,32,73,5,74,71,49,25,13,24,71,14,4,9,33,4,65,64,28,42,22,73,32,40,58,35,24,12,56,25,64,40,45,71,63,22,53,46:2,6,6,3,10,2,2,4,2,7,3,8,2,9,3,4,5,10,8,1,4,6,5,2,4,5,4,8,1,7,5,3,2,5,2,8,7,6,10,7,9,2,10,3,2,2,9,10,3,2,2,10,2,1,5,10,8,4,4,10,1,5,8,8,8,8
3,51,59,5,21,17,17,74,14,6,53,65,35,45,63,18,14,43,54,18:6,6,4,5,4,9,8,3,9,4,3,7,2,7,9,7,8,4,2,5
54,25,1,29,63,29,23,5,23,40,73,50,9,30,32,50,11,73,54,73,41,55,25,70,64,6,70,60,46,39,28,71,24,41,49,2,48,10,21,59,26,50,14,52,16,31,68,14,41,40,46,43,7,63,3,10,25,20,65,57,61,67:4,4,3,8,9,2,10,10,2,9,1,4,4,5,10,3,2,6,8,4,7,6,10,2,5,4,1,7,7,6,1,8,6,6,10,2,6,1,9,6,2,8,4,10,6,5,4,3,9,6,5,7,6,6,1,3,6,10,7,9,10,7
67,28,59,51,65,71,8,65:5,6,6,5,10,7,6,4
47,67,32,27,8,26,43,47,62,43,66,60,17,71,38,12,20,21,25,1,68,48,42,14,68,2,14,59,31,61,13,63,2,3,60,32,45,42,20,31,63,55,7,32,47,35,68,70,60,69,35,20,53,12,33,59,35,11,17,33,52:2,3,6,3,3,9,3,9,4,3,1,5,3,5,10,10,5,6,6,2,3,3,1,1,8,7,5,1,9,10,9,9,5,2,5,1,4,5,10,6,2,5,8,4,6,8,3,5,9,2,8,3,6,10,6,8,2,6,1,6,10
59,53,29,74,73,51,50,26,13,54,60,65,70,58,30,17,56,1,50,58,22,23,8,49,60,26,64,39,50,54,74,19,42,30,7,74,24,31,61,2,24,66,30,28,51,59,65,8,42,56,13,19,43,56,32,46,1:6,4,1,1,3,5,2,3,8,3,3,7,7,9,9,3,5,6,7,4,9,7,9,1,8,2,3,10,10,5,4,7,9,9,4,6,4,4,1,4,10,8,3,1,2,9,8,1,4,6,9,10,8,4,1,4,1
41,34,51,30,46,50,12,9,36,3,43,8,67,23,49,63,68,43,68,62,73,41,43,4,23,45,27,24,53,9,4,48,59,70,19,59,61,2,26,26,16,31:8,5,2,5,10,4,2,1,6,3,2,5,4,3,8,1,5,7,8,4,7,8,3,8,9,8,7,8,8,10,6,8,4,1,6,4,1,1,6,1,5,4
57,4,24,1,9,49,65,29,25,63,62,69,60,48,21,25,39,2,3,46,26,8,29,72,16,66,10,74,4,61,70,38,8,56,54,52,10,54,57,35,12,60,46,24,63,62,45,58,11,16,56,69,68,63,16,28,13,17,25,71,47,68,72,4,8,33,62,26,28,43,56,5,14,34,52,37,25,42,23,10,49,43,48,64:8,9,7,10,8,9,8,5,7,7,1,9,5,7,5,10,9,9,2,8,8,4,10,2,8,5,3,10,7,4,10,10,6,5,2,4,5,9,2,1,9,8,7,2,9,4,5,5,10,3,4,6,6,10,2,3,6,1,10,5,5,9,1,10,2,2,6,8,2,10,1,10,3,6,7,7,9,5,7,3,9,4,1,9
73,58,2,49,63,3,61,70,9,54,68,21,55,3,68,58,47,61,6,66,1,49,72,49,59,15,67,48,55,8,46,53,25,20,5,73:3,1,7,10,5,1,10,10,6,3,6,2,1,6,4,7,10,10,4,1,2,4,4,10,8,4,3,10,10,10,9,8,4,9,6,10
33,26,43,2,16,56,44,56,25,32,37,53,61,8,56,58,20,59,71,16,24,15,74,8,65,73,4,49,25,26,57,9,34,70,71,43,73,62,64,72,3,13,2,65,17,31,10,72,34,37,43,60,16,65,27,1,74,20,48,67,47,1,17,40,29,43,40,64,67,41,74,4,4,48,16,54,48,1,19,28,32,9,60,34,44,73,3,6,24,58,25:2,4,3,7,2,3,9,4,3,3,1,8,4,9,6,3,6,6,9,10,8,4,1,9,8,2,9,5,6,7,4,10,3,9,2,4,2,4,1,7,6,3,6,5,1,7,4,4,7,3,6,1,7,4,6,2,3,6,3,7,1,3,7,10,10,10,4,10,3,5,7,10,2,3,7,4,6,10,10,1,8,10,2,8,9,6,2,3,8,5,7
24,63,68,3,66,42,20,32,56,26,61,42,28,60,40,64,41,12,36,42,48,47,5,4,60,25,5,40,70,39,24,24,19:5,4,3,4,7,10,8,6,1,3,4,1,8,4,5,10,8,6,5,3,3,3,1,3,4,6,7,10,1,3,4,1,3
26,51,46,37,63,57,37,4,20,26,4,48,21,72,2,57,54,29,14,46,20,45,1,50,40,42:3,2,8,2,7,8,4,10,3,2,8,8,5,9,6,9,7,2,3,10,2,2,6,10,9,7
55,60,44,18,43,13,43,49,68,41,41,22,6,20,32,40,44,38,13,2,4,50,26,22,9,4,59,24,54,51,74,40,66,21,47,69,53,47,61,23,67,48,42,74,61,21,5,2,63,59,2,29,14,60,46,22,43,7,26,74,21,9,45,4,53,40,29,27,10,23,67,30,37,8,33,56,23,26:2,9,7,2,4,7,1,7,3,5,9,9,4,7,2,1,1,5,4,1,2,2,1,10,4,3,10,1,2,5,3,9,6,5,8,5,3,4,9,9,6,10,10,2,9,4,2,6,2,5,1,8,2,2,4,6,10,7,9,1,6,3,10,7,8,4,6,10,1,7,1,5,10,9,7,1,3,10
47,55,25,20,54,27,60,20,20,42,21,53,21,1,17,40,69,57,6,18,3,7,23,2,13,2,57,70,53,30,16,42,11,26,3,2,5,38,5,49,34,51,68,32,2,48,4,14,2,29,31,49,56,8,5,38,34,68,29,43,74,9,12,15,7,40,72,8,69,41,17,45,51,52,74,40,3,38,61,64,30,47,38,13,16,65,25,17,30,8,62,55,28,66,71:5,5,4,3,8,6,2,6,5,2,3,2,6,10,8,6,2,7,9,10,3,9,9,4,8,3,7,3,10,7,9,3,7,6,7,10,3,3,8,9,10,5,8,1,4,5,3,7,1,7,8,8,3,5,2,5,10,5,4,7,3,5,2,2,5,1,1,4,6,8,9,3,3,6,7,10,2,4,6,5,2,8,1,4,9,9,10,8,5,2,7,4,4,1,6
22,51,69,39,11,25,55,2,21,15,22,38,60,27,55,72,17,25,69,38,60,12,4,30,31,53,66,60,34,9,13,27,56,69,45,32,39,2,38,16,3:6,6,10,4,5,10,6,7,6,6,8,8,4,8,5,7,6,3,9,10,2,3,3,1,6,9,2,8,10,9,2,4,5,7,4,6,9,4,4,7,10
72,70,3,43,62,31,25,47,52,47,16,67,20,22,30,11,33,12,28,26,61,13,70,72,10,39,9,7,33,3,74,19,29,62,54,57,60,74,58,52,57,62,63,28,45,29,19,18,29,40,17,21,69,71,38,1:10,9,7,3,7,9,4,2,9,3,9,1,5,9,6,2,5,2,9,2,2,8,2,1,6,6,9,4,8,1,3,8,7,9,6,1,6,10,6,4,9,6,9,9,2,5,8,9,9,3,5,8,6,2,10,10
36,67,54,9,63,12,29,32,72,37,56,48,21,12,65,1:8,3,6,10,1,4,9,4,1,5,9,9,5,4,5,8
19,17,54,5,16,21,16,68,31,22,44,2,29,37,63,69,58,8,20,38,70,55,7,2,29,6,50,22,56,31,32,62,11,26,31,57,31,14,15,60,74,34,31,50,57:9,3,6,1,7,1,10,2,2,3,1,9,8,7,3,1,10,4,2,4,4,2,1,5,10,6,5,1,5,8,10,7,4,5,10,5,10,10,10,2,2,2,10,9,8
48,73,26,40,41,27,56,19,21,9,27,18,65,49:1,9,3,10,9,9,3,10,10,5,1,6,1,6
52,8,13,71,31,38,13,21,15,5,8,72,72,16,52,51,18,52,41,57,33,55,43,28,18,61,6,65,62,69,3,7,72,41,13,9,15,14,39,27,73,26,14,56,15,63,25,35,71,20,37:1,10,8,3,1,2,8,4,2,7,2,1,1,2,3,10,6,2,7,9,4,9,1,1,8,5,7,3,9,4,4,1,10,1,8,7,8,8,10,6,3,8,3,4,2,8,9,7,1,3,2
51,38,57,1,38,12,18,57,16,4,21,28,24,48:1,6,6,10,1,1,3,7,3,2,9,3,10,1
69,16,41,4,20,33,16:2,9,5,6,9,6,3
57,50,13,40,66,63,30,57,27,60,47,10,20,12,53,7,47,9,58,10,63,28,70,30,3,28,17,7,38,63,70,1,63:5,4,6,3,6,1,5,4,10,8,10,5,1,2,9,8,4,5,3,2,6,4,10,5,1,8,3,5,5,4,8,5,1
46,73,66,48,56,10,3,59,33,36,15,49,63,11,55,8,39,74,64,15,60,53,2,55,52,25,55,10,9,61,28,38,3,68,49,70,16,58,57,67,39,9,22,19,58,69,14,11,6,65,40,31,43,54,70,32,36,59,17,15,21,33,26,38,71,2,3,51,45,17,26,65,16,44,6,58,34,42,14,66,57,59,4,67,47,16,33,34,33,69,41,27,51,30,54,27,12,65,3:1,8,3,5,8,7,3,4,10,2,6,3,3,6,9,6,10,3,7,3,2,6,3,1,7,10,7,6,8,2,6,10,2,6,1,3,7,7,1,8,10,2,6,8,9,9,7,1,7,6,7,1,3,3,1,7,10,10,5,1,10,3,1,6,10,9,3,6,7,4,9,6,7,1,3,7,5,4,3,9,9,4,9,2,2,10,4,5,8,8,7,6,2,8,5,1,4,8,8
51,61,20,49,27,57,51,34,60,22,63,2,28,42,34,48,19,14,32,62,74,23,38,12,32,15,27,43,72,7,1,49,13,14,11,56,20,3,49,29,36,39,14,41,27,35,42,57,33,12,16,26,51,33,44,11,33,11,37,36,12,23,20,29,54,5,9,24:7,1,3,4,1,3,8,1,10,7,2,3,1,1,6,1,6,8,4,6,6,5,4,3,6,5,2,4,10,7,4,2,6,5,6,8,2,10,3,7,3,9,1,5,9,10,8,1,3,10,6,4,6,6,10,1,2,8,4,1,8,9,1,1,6,1,9,1
1,74,62,20,41,69,17,72,26,39,37,31,40,24,28,33,26,43,6,15,60,70,56,19,1,26,61,2,9,63,71,46,13,70,60,57,37,62,8,25,59:6,9,1,9,8,10,4,8,7,8,9,3,1,2,10,9,5,10,7,6,2,3,3,6,1,4,4,1,4,7,5,5,2,9,8,7,1,5,7,10,4
53,70,29,58,10,43,8,55,57,3,27,63,57,38,63,31,73,63,47,23,13,49,54,2,27,53,66,21,60,66,46,52,41,34,67,2,46,52,7,65,43,9,50,7,66,58,23,56,1,59,57,10,61,9,36,45,40,11,58,6,10,1,13,59,5,48,19,44,64,17,31,59,43,28,29,16,35,54,30,26,6,24,31,46,24,48,66,1,42,56,38,33,72,46:2,5,6,5,8,3,10,10,8,1,10,1,9,10,8,3,6,5,10,2,1,9,2,6,6,5,2,7,4,10,2,8,2,5,9,3,1,2,8,3,2,8,2,7,6,2,10,1,7,5,6,8,4,6,5,7,9,7,10,7,7,7,3,6,9,1,3,4,10,5,9,3,6,2,4,5,1,4,1,7,4,7,4,5,5,7,2,9,4,2,1,2,3,3
18,12,30,65,56,64,13,31,28,6,3,30,47,68,42,50,28,18,66,32,72,57,35,14,43,21,11,1,7,2,68,58,47,26,41,32,7,34,11,29,3,59,19,10,67,67,19,42,13,52,57,18,72,72,34,51,51,55,71,21,52,38,46,18,11,55,53,65,64,67,68,57,30,32,20,37,9,38,8,9,73,4,57,71,61:9,5,7,10,7,7,6,10,5,2,1,5,2,8,5,3,6,1,5,4,1,8,2,2,6,9,4,8,4,7,5,10,4,7,7,2,7,6,7,9,1,6,2,4,8,1,3,10,8,1,3,8,2,5,5,7,2,1,8,2,3,3,6,5,9,2,10,9,1,5,6,8,6,4,3,10,9,4,9,1,10,9,5,5,6
14,47,15,24,64,70,73,47,49,7,67,70,55,43,8,56,2,30,26,7,63,32,67,28,28,27,50,55,12,11,31,49,47,9,33,13,40,54,10,30,31,23:7,5,6,10,2,10,10,3,9,7,3,8,7,3,4,6,4,5,6,8,2,7,1,8,10,5,6,6,8,6,6,7,3,7,7,8,8,1,1,2,9,5
24,24,28,37,52,25,1,23,22,73,24,32,65,18,19,56,64,66,67,44,5,23,13,14,36,65,40,18,3,42,4,23,6,32,8,10,43,22,73,20,37,20,58,54,44,28,73,59,18,51,30,32,70,72,52,73,11,42,41,73,57,59,40,6,28,34,33,31,35,55,36,5,59,38,5,68,69,47,20,68,15,15,37,71,55,48,54,23,11,51,65,45,67:8,8,9,8,2,5,7,4,2,1,7,5,5,8,5,3,8,8,1,2,6,9,8,10,10,4,1,10,5,10,3,1,1,1,1,2,1,2,8,9,4,5,1,4,1,10,5,4,7,2,10,6,10,2,7,1,1,8,4,3,7,2,10,7,5,4,8,2,1,9,10,3,9,3,8,1,4,2,7,4,7,6,8,1,6,9,8,8,1,9,1,8,1
1,47,52,51,10,10,52,15,17,54,60,10,67,58,62,9,47,71,25,14,39,67,44,35,54,33,22,63,13,6,35,65,74,14,29,33,71,35,44,24,41,13,47,10,20,16,60,16,67,51,2,45,24,8,13:9,2,2,10,5,5,9,4,10,3,5,10,5,4,2,9,6,10,1,3,5,6,4,8,4,6,2,1,5,3,10,3,9,6,2,1,2,5,3,1,7,3,1,3,2,3,6,8,7,3,10,4,7,3,9
34,31,52,62,46,63,52,13,55,8,16,61,18,63,10,43,48,65,49,21,53,52,10,25,55,51,22,48,57,14,69,72,67,72,11,51,22,13,3,46,71,10,9,4,63,33,7,39,41,72,18,26,41,24,50,55,62,43,35,35,70,39,54:1,10,8,9,4,3,10,2,3,6,8,5,3,10,2,3,2,9,7,4,6,1,3,2,4,9,4,9,1,10,8,8,7,4,8,7,6,4,5,4,10,6,6,6,6,1,6,4,3,8,8,5,8,8,9,10,3,2,9,10,3,3,3
62,71,27,16,12,42,50,47,67,16,52,7,54,12,43,24,61,12,22,20,38,2,19,7,69,58,25,8,52,29,32,38,60,60,45,19,12,4,28,59,50,21,20,13,26,63,69,27,34,14,64,32,63,56,3,47:3,9,10,2,2,7,1,4,8,5,9,3,8,9,3,10,9,5,2,2,3,4,9,6,4,3,8,7,1,8,3,5,1,1,4,4,4,7,5,7,5,9,7,9,8,3,1,6,7,7,2,1,3,2,3,4
67,23,13,19,41,13,27,31,49,15,58,64,7,35,45,47,35,64,15,30,1,60,26,64,53,10,41,21,55,46,55,56,2,54,24,72,70,8,11,59,50,3,21,60,47,58,62,47,44,55,8,74,22,28,11,65,14,41,58,74:6,1,10,7,10,3,10,8,5,6,8,7,7,7,6,7,7,7,3,1,2,7,8,3,7,9,10,10,10,8,6,7,2,6,2,10,7,1,7,10,7,6,3,8,8,1,1,4,5,10,9,6,1,9,2,7,8,1,1,8
53,52,11,53,12,51,52,31,50:1,10,1,1,6,1,1,2,3
73,48,32,40,45,33,11,57,54,62,72,29,64,17,57:8,8,2,8,7,7,1,5,1,8,5,1,9,9,3
15,56,58,8,42,2,8,24,41,17,26,72,35,71,14,45,61,5,32,18,64,52,52,54,62,20,60,56,12,35,35,25,63,10,55:4,6,10,9,9,9,4,3,9,4,3,4,10,4,2,7,3,5,2,5,4,7,3,10,8,7,6,7,4,7,6,3,2,10,3
51,67,38,21,21,20,37,9,9,15,58,36,62,43,11,74,41,1,2,69,27,31,46,14,6,14,57,53,18,4,26,4,33,5,64,29,28,21,6,12,43,70,60,38,46,45,52,20,12,41,31,6,6,4,11,32,72,49:7,9,2,2,5,6,1,2,6,10,10,2,3,6,9,8,10,5,7,8,1,5,4,9,1,9,9,2,10,10,10,3,2,6,2,6,8,2,4,2,2,4,9,3,2,10,3,10,5,9,9,10,10,4,1,2,10,3
16,49,26,29,13,63,62,57,53,6,57,41,24,28,15,65,10,3,60,72,4,21,6,45,49,57,72,44,3,36,70,3,50,11,51,7,11,26,56,73,62,6,21,17,58,68,23,74,32,1,44,4,24,12,3,40,61,5,38,46,74,50,64,72,72,46,30,2,24,30,56,13,8,47,38,52,25,4,67,14,67,7,51,32,26,35,26,17,74,32,61,65,53,51,16:8,6,5,5,8,3,3,2,1,5,9,10,4,8,1,8,1,6,5,10,4,3,9,8,7,1,3,3,8,4,3,6,2,3,5,4,2,1,4,4,6,9,9,6,6,6,4,1,6,10,4,4,4,4,6,2,10,3,6,4,4,2,5,10,10,3,4,3,7,3,4,9,10,2,10,5,1,8,7,5,9,7,7,1,10,3,3,10,6,8,8,5,7,7,9
40,57,9,64,9,73,69:1,3,2,4,9,6,1
57,42,15,65,30,64,12,33,4,1,12,19,8,46,44,16,27,56:3,10,8,3,4,10,7,5,3,4,4,8,4,2,2,7,5,8
32,52,61,31,25,53,34,53,26,22,31,32,42,55,36,20,64,3,50,8,46,27,53,22,10:8,1,9,9,8,5,2,2,9,5,5,8,6,5,8,3,7,6,5,5,6,2,6,6,1
6,2,23,51,45,4,18,44,57,3,59,30,60,57,33,10,47,46,73,34,6,29,60:10,10,5,1,1,9,7,10,3,7,1,8,10,2,10,5,8,4,5,7,3,10,8
31,39,4,9,39,30,9,6,20,5,71,53,56,19,27,2,63,28,33,50,13,28,19,55,20,37,51,7,56,64,66,39,70,1,8,56,35,5,17,74,50,58,20,22,51,19,57,25,37,38,15,41,11,37,57,65,1,23,24,46,54,39,27,69,24,53,52:1,6,5,2,7,7,8,7,7,3,10,10,7,6,3,9,2,8,2,4,4,5,9,6,3,4,3,10,7,4,2,6,1,8,6,7,1,9,9,10,4,4,2,5,4,8,5,4,5,2,4,1,2,10,4,8,6,3,4,1,2,1,1,7,4,2,4
11,33,19,2,9,37,48,50,11,22,65,4,44,14,16,62,17,4,46,19,49,8:10,4,7,4,9,8,10,6,5,3,5,10,9,3,2,9,9,8,4,4,4,5
65,67,8,35,9,56,72,42,34,42,59,26,13,44,29,25,6,73,28,38,64,45,34,31,23,44,2,49,72,63,71,10,64,19,60,25,14,37,70,38,9,72,32,55,29,42,18,73,54,62,33,48,17,25,28,53,19,30,47,3:10,10,3,4,8,5,8,6,4,7,6,10,6,5,8,9,1,8,5,9,1,1,10,8,2,4,5,9,10,9,9,10,8,1,3,2,4,9,7,2,7,2,8,3,7,9,1,6,3,6,8,4,10,2,2,8,7,2,9,3
63,67,18,55,58,34,34,25,58,11,18,31,49,36,50,30,2,23,66,28,53,57,62,20,38,70,9,9,62,7,20,12,3,23,17,57,8,38,9,1,71,25,23,31,1,4,52,61,18,27,5,60,6,60,72,49,23,7,47,55,66,25,9,72,47,45,43,12:2,4,8,5,6,4,2,9,2,7,1,5,2,8,6,3,1,6,10,1,9,1,5,7,5,5,6,2,3,6,4,2,2,1,3,3,8,2,1,6,2,8,10,6,9,1,6,3,4,8,7,3,4,5,1,2,6,1,5,5,2,10,5,10,5,7,7,8
59,3,26,18,4,45,43,52,32,21,58,25,66,50,34,46,64,58,26,57,72,73,6,41,36,66,71,17,6,63,64,59,67,32,2,50,56,57,54:2,9,7,6,1,4,8,2,10,8,7,7,10,8,1,8,1,5,2,5,2,8,10,2,4,3,10,8,4,3,2,3,9,9,4,4,2,8,9
62,37,72,12,63,19,25,24,66,73,42,43,60,2,24,64,45,13,64,50,49,40,60,54,31,59,61,45,21,29,24,10,74,39,57,30,47,73,55,55,41,11,37,56,11,70,53,26,37,64,67,11,4,9,42,52,13,72,39,15,40,16,66,58,17,31,12,71,13,21,23,9,14,40,55,37,17,37:1,1,3,10,7,4,7,1,8,5,5,3,3,5,3,7,5,9,4,3,6,5,1,8,8,3,3,10,10,3,8,4,5,6,2,10,1,6,2,10,10,3,3,3,9,8,7,2,3,10,7,9,2,9,8,2,7,4,1,10,7,4,1,8,8,6,7,9,3,8,9,5,4,2,3,2,1,9
69,67,43,36,8,30,47,22,41,12,11,38,11,41,68,47,29,46,29,68,18,16,62,73,27,58,19,54,33,2,6,43,56,16,32,48,56,21,10,9,59,43,27,24,23,56,36,45,74,37,36,74,53,17,8,49,56,51,11,41,72,46,46,56,60,15,11,59,50,18,59,12,67,8,6,57,11,34,68,68,46,29,24,64,60,42,51,14,4,53:4,6,9,1,3,6,6,7,7,1,5,10,10,8,6,6,5,7,7,1,5,3,1,4,1,2,6,7,4,9,1,10,2,6,2,8,8,7,9,4,9,3,10,6,3,8,10,7,2,4,6,6,3,1,6,10,7,6,3,5,7,4,9,2,4,10,1,9,1,2,4,7,10,8,8,10,9,6,5,10,6,8,8,10,3,8,3,2,2,10
73,49,44,11,68,39,23,51,66,47,65,47,31,31,46,54,53,35,58,22,4,74,42,6,28,70,72,74,9,70,11,33,60,67,14,27,72,48,17,3,64,57,43,3,56,2,41,64,25,16,60,7,36,15,28,39,41,2,39,66,40,54,54,9,63,70,49,60,21,41,14,67:6,7,9,8,7,8,6,4,8,2,4,10,3,6,6,2,1,8,9,10,1,3,3,2,9,4,1,9,3,2,10,7,5,1,7,5,1,6,6,9,6,9,7,8,5,1,3,3,9,8,2,6,8,5,5,8,7,1,4,7,7,5,1,1,1,1,10,3,3,1,5,10
38,73,8,4,10,41,71,3,12,34,15,12,30,53,55,4,48,48,10,72,71,47,48,11,37,26,19,26,42,49,59,69,41,2,56,32,56,11,25,40,72,8,13,67,30,27,13,30,71,20:9,7,4,2,7,2,10,4,10,4,5,2,1,3,8,9,10,5,10,3,3,5,8,7,9,3,10,1,10,8,2,3,2,2,5,6,4,6,1,9,6,5,1,10,4,10,8,2,1,2
18,36,68,16,58,10,39,27,68,48,41,61,73,41,8,73,37,30,34,31,24,6,55,46,59,55,33,61,16,10,17,45,3,52,19,35,28,58,60,19,5,38,22,3,58,17,14,24,59,1,50,20,22,49,71,60,38,6,11,8,13,37,67,57,38,32,53,38,53,51,55,2,35,72,33,74,68,59,60,16,41,10,31,42,12,43,58,6,19,43,6,53,58:1,2,2,1,4,3,10,2,10,9,1,5,4,5,5,10,1,6,1,10,4,2,6,4,6,1,10,9,9,2,1,8,7,8,1,4,10,1,5,10,3,7,2,2,4,10,8,9,2,2,3,7,9,9,2,9,8,7,3,6,1,6,6,8,9,9,9,7,3,1,5,8,8,9,10,9,9,1,1,10,9,7,7,5,3,6,10,10,8,8,6,8,10
71,19,8,15,28,9,49,45,71,51,4,44,33,32,19,19,56,47,4,30,14,54,70,58,24,7,28,30,64,51,71,70,36,6,10,11,26,3,36,18,10,67,62,64,65,19,4,63,10,69,11,69,36,24,55,49,53,29,52,2,35,62,8,33,64,5,37,25,5,9,60,35,58,2:4,5,1,7,9,1,7,8,2,10,2,4,9,2,9,10,6,8,2,6,7,5,3,8,1,8,7,4,4,7,9,6,9,9,7,10,10,3,8,8,9,7,8,4,10,3,5,10,9,5,5,4,6,3,1,7,10,6,2,5,6,4,6,3,9,1,5,9,3,10,2,9,3,2
39,18,69,29,45,56,57,21,72,55,14,26,52,29:2,4,3,5,10,6,4,6,9,1,10,6,9,9
24,14,33,2,13,25,16,17,14,49,64,56,30,59,22,52,24,64,3,15,13,1:4,6,8,4,7,6,5,2,5,5,10,8,9,8,6,1,7,2,5,5,4,9
20,19,30,33,23,70,23,43,65,34,14,30,48,16,67,51,52,4,40,69,2,43,58,15,10,46,24,29,70,17,48,63,56,45,5,31,67,38,42,43,40,74,46,53,31,61,11,60,8,40,66,50,55,11,5,39,34,68,64,14,8,23,5,30,54,15,53,59,32,68,28,45,63,36,9,28,22,3,71,25,34,52,67,19,35,10,69,27,70,67,63,59,4,8,47:2,1,5,5,1,10,7,1,2,8,8,6,6,5,6,10,1,6,9,6,4,8,8,10,2,10,4,9,8,8,3,10,4,1,8,6,10,9,1,2,7,5,9,9,3,6,10,7,5,2,3,7,5,7,3,2,2,5,4,2,1,8,6,7,9,10,3,8,9,9,9,1,1,8,1,3,5,6,8,5,9,7,1,6,7,9,2,1,4,4,2,1,2,4,4
60,45,17,38,20,35,33,53,29,48,33,42,72,43,15,26,22,37:2,5,4,3,10,4,7,10,9,4,2,1,6,5,8,10,3,9
35,54,70,22,23,16,23,24,47,32,23,19,23,68,60,36,58,52,47,45,63,23,43,31,44,13,31,9,63,46,69,10,19,24,36,55,20,11,48,50,70,56,54,27,3,25,23,57,24,18,8,57,6,27,55,64,45,58,34,40,12,72,9,68,7,24,47,64,17,13,37,2,24,17,3,50,14,46,10,6,16,53,9,47,56,61,57,34,4,49,17,9,68:4,1,1,2,3,9,3,7,8,9,1,3,1,5,9,6,1,10,3,7,3,2,4,3,2,7,1,10,1,5,9,10,9,5,5,2,4,1,3,4,4,1,6,5,1,6,3,1,6,4,2,1,7,4,4,9,9,7,6,2,4,5,2,7,4,7,8,3,6,10,10,9,2,2,2,4,7,7,9,3,1,5,9,3,3,6,5,9,9,4,4,4,9
65,51,25,32:4,6,6,3
32,47,35,47,59,9,73,33,31,5,35,63,23,8,65,73,25,3,61,47,70,20,71,40,23:3,6,3,1,8,8,5,6,9,4,9,5,8,3,7,4,5,7,3,4,3,5,1,10,3
45,50,30,40,51,66,11,2,5,70,74,39,54,44,37,36,71,68,12,1,44,18,10,5,2,53,8,64,67,13,50,19,34,74,34,28,61,3,47,59,3,21,38,4,14,18,60,32,12,19,67,41,65,67,23,45,49,74,58,45,58,51,71:4,10,8,2,8,5,8,5,1,6,5,8,9,4,3,1,1,7,10,2,3,1,10,4,2,10,8,10,10,9,5,7,2,3,6,5,6,4,3,9,6,9,5,6,7,9,10,10,8,5,2,1,4,1,9,6,10,5,7,2,3,4,3
53,57,34,4,56,26,74,49,48,25,35,12,3,56,57,12,48,29,42,30,29,11,26,68,41,55,11,3,33,30,27,65,21,65,61,35,17,1,57,73,47,74,40,28,9,55,6,19,54,43,6,33,55,35,39,23,39,38,22,25,74,20,45,40,64,1,40,70,62,65,26,71,65,74,74,25,57,60,10,69,30,63,15,18,7,11,54,3,30,47,7,7,57,22,62:3,6,5,2,6,7,7,9,8,8,7,8,10,9,4,1,2,8,8,8,7,7,3,8,2,1,4,6,10,8,10,6,1,4,3,4,8,1,7,6,8,5,2,10,8,9,4,7,10,5,3,10,1,6,10,5,1,5,9,1,6,8,4,5,8,6,10,9,3,9,4,8,7,5,4,5,4,9,6,8,10,3,4,10,10,6,9,2,6,3,10,9,10,5,6
17,11,62,42,74,72,63,73,20,32,33,59,10,41,39,41,44,51,31,61,48,34,54,70,42,35,63,54,37,69,51,7,65,69,18,25,19,64,14,51,25,52,21,46,48,12,43,47,13,56,45,15,2,41:9,6,3,8,6,4,10,9,4,6,5,10,9,4,5,1,7,2,4,9,5,9,2,2,5,5,8,10,8,7,3,5,5,7,10,8,2,1,1,8,10,5,5,6,1,9,8,3,10,5,2,4,3,6
40,4,49:10,3,4
21,23,39,72,68,16,22,69,25,18,53,23,44,51,36,40,7,7,6,11,51,71,16,22,42,60,40,51,42,26,24,11,44,70,69,43,38,72,28,51,49,42,67,5,10,73,25:1,7,8,2,8,3,6,1,8,10,9,7,5,7,1,1,10,5,9,6,1,9,9,5,3,7,3,2,5,6,2,7,4,5,5,3,6,5,6,10,8,8,5,2,5,7,4
36,36,47,11,39,71,73,57,21,6,28,71,28,13,67,35,32,53,12,35,62,29,3,26,50,11,64,1,37,73,43,34,54,47,57,37,22,3,46,63,67,49,43:9,6,6,2,2,7,5,3,8,2,2,5,5,8,1,6,10,4,8,1,5,4,7,5,9,4,3,1,1,2,7,3,9,1,2,7,7,8,6,9,6,8,2
26,23,43,8,73,18,50,63,72,11,64,41,39,26,36,10,4,22,4,60,5,24,8,33,19,14,14,8,42,51,7:2,5,10,2,10,5,5,8,6,2,2,10,1,2,6,4,1,1,5,9,1,4,2,2,6,5,6,9,1,9,7
36,60,15,45,73,73,43,51:9,10,3,4,3,6,10,6
48,23,36,55,66,42,33,20,45,57,72,26,43,4,26,64,9,63,23,71,72,62,33,39,73,74,1,52,11,36,27,63,49,35,23,19,8,9,52,64,71,55,59,22,13,34,43,17,74,69,12,15,1,5,37,30,68,24,1,17,43,10,27,51,31,44,48,53,47,51,19,16,17,24,62,47,48,51,13,52,63,15,6,29,21,9,32,66,46:10,9,8,9,5,9,7,3,10,8,6,9,3,4,10,5,4,3,10,9,3,10,9,8,1,7,3,3,4,5,7,3,8,10,6,6,3,7,8,6,2,1,6,10,5,7,3,8,9,9,2,6,8,6,6,3,5,3,4,1,10,2,4,5,5,1,4,4,9,2,3,8,7,8,4,1,7,6,8,4,4,8,4,6,9,9,4,5,8
21,3,56,41,58,25,61,72,18,2,61:3,4,5,7,6,4,3,1,2,1,2
12,31,53,37,61,20,69,46,35,7,1,2,11,25,33,43,47,25,33,25,60,19,63,70,61,71,40,1,41,40,27,56,32,58,52,72,55,61,33,22,64,73,63,72,7,4,59,42,7,6,25,16,50,30,33:2,1,2,7,9,7,5,1,4,2,1,7,2,3,7,4,9,1,6,5,2,9,1,4,8,5,7,6,1,6,7,4,7,5,8,6,8,1,10,9,2,1,10,8,9,5,10,7,5,9,3,1,8,6,3
65,17,60,72,14,17,18:2,10,9,1,7,1,3
9,8,64,17,52,6,20,38,21,2,70,27,13,60,63,71,41,18,13,73,63,34,41,60,38,73,28,28,5,7,74,42,39,19,54,48,74,63,33,62,21,63,14,44,6,73,26,17,39,54,10,68,49,2,10,59,25,3,27:3,8,9,10,5,6,4,9,9,4,9,6,9,4,8,1,4,6,4,4,3,4,2,4,9,3,5,10,4,1,1,2,7,2,7,7,10,1,8,7,10,7,8,5,9,5,4,8,7,10,5,10,8,8,9,7,1,4,2
47,2,62,67,21,3,54,66,39,68,33,36,46,57,1,63,68,23,22,38,71:8,7,3,9,6,7,10,7,2,10,9,4,10,2,3,9,8,9,4,1,8
69,3,66,27,15,31,23,66,30,50,72,39,70,9,21,2,68,50,31,72,41,17,3,32,15,22,49,25,14,61,16,2,42,68,33,4,12,70,17,48,29,9,21,39,5,2,35,45,37,24,66,59,5,57,34,32,48:1,10,2,10,6,4,9,6,2,10,6,1,7,7,6,1,7,9,7,9,5,8,6,10,5,3,7,6,2,3,10,7,3,1,2,4,6,9,9,1,8,10,3,5,2,2,3,6,3,8,1,7,6,10,1,2,4
45,7,52,10,53,62,9,70,1,11,41,15,27,52,58,43,4,8,21,74,4,8,27,55,12,16,33,29,61,7,25,71,40,42,12,59,40,40,71,44,61,30,25,62,19,51,30,2,32,68,47,35,4,40,34,45,69,46,33,18,67,3,61,45,48,44,10,47,19,48,54,57,64,32,44,56,51,43,5,42,70,16,31,22,66,63,58,71,52,34,26,33,48,31,1,23,23:4,3,7,7,6,9,3,9,1,3,3,10,4,7,5,10,3,8,9,6,6,6,10,1,7,7,1,8,6,1,2,6,3,10,5,7,7,8,5,4,3,10,5,6,3,8,3,4,8,3,7,6,10,10,1,1,3,8,1,4,1,2,3,4,6,1,7,7,3,9,4,4,5,3,6,7,3,2,4,4,4,2,2,1,1,1,5,10,10,9,9,3,10,8,1,5,7
43,52,9,65,23,43,59,64,54,52,4,61,69,8,34,62,24,28,25,7:4,9,6,6,1,4,7,9,3,5,5,2,9,8,8,1,4,7,6,10
50,52,40,40,20,10,28,7,32,29,5,34,72,74,73,65,29,14,19,71,62,48,64,7,60,12,42,45,68,57,55,11,26,24,37,21,56,57,37,31,1,24,61,22:9,4,6,7,10,6,10,10,6,7,7,4,1,2,7,6,5,8,3,9,5,6,9,9,6,2,10,9,2,1,4,7,5,4,8,1,6,5,9,6,3,8,10,5
43,40,70,29,53,73,73,6,32,61,11,33,19,23,48,24,20,56,8,70,64,22,65,53,38,28,14,26,72,58,20,8,32,21,31,42,54,28,42,46,15,19,53,24,43,60,54,11,50,25,13,7,15,32,64,19,71,66,9,50,40,1,3,32,31,70,42,6,2,41,67,31:8,3,5,8,4,2,9,10,7,4,6,9,2,6,9,4,6,7,8,5,2,7,2,8,9,5,9,5,8,6,7,1,1,2,4,10,7,6,7,6,2,3,1,10,2,6,5,3,2,8,8,7,9,3,7,4,6,7,10,7,2,2,8,9,4,7,8,5,3,1,9,9
29,67,28,17,9,31,57,16,3,66,41,5,1,69,21,14,51,22:5,3,7,5,10,4,10,9,6,7,8,6,5,5,6,8,8,10
71,39,71,58,25,60,69,67,50,43,71,57,6,14,20,21,58:7,2,4,7,8,4,2,5,8,2,4,2,6,8,8,1,8
10,68,33,29,74,19,37,9,21,72,11,62,25,72,71,21,38,10,23,2,9,43,5,18,26,70,56,10,66,32,4,11,67,52,18,47,6,7,32,8,32,20:8,8,9,3,5,8,10,2,6,4,10,4,4,6,7,3,8,8,4,3,5,8,10,4,10,8,3,8,3,10,4,6,1,2,9,10,1,3,4,5,3,8
37,49,67,23,51,71,42,71,37,41,29,70,61,27,45,74,38,17,57,48,54,43,11,37,27,49,8,24,20,38,33,24,26,11,50,41,62,45:7,6,3,10,1,6,1,8,5,8,10,5,8,4,10,10,9,3,6,8,10,2,6,7,8,8,5,7,8,7,8,1,9,8,4,3,4,1
37,57,2,32,14,61,39,29,9,33,50,25,68,44,48:5,5,8,2,3,7,5,4,2,4,6,3,10,5,7
10,39,27,60,48,19,33,5,41,74,72,40,42,53,54,23,2,37,3,55,37,10,40,55,32,38,20,73,18,39,32,2,6,15,11,48,43,43,16,56,12,20,22,72,62,56,8,30,46,63,12,39,2,73,36,65,48,41,14,20,18,14,56,1,28,51,74,43,27,39,26,18,42,74,70:3,5,9,9,5,2,3,7,10,3,4,6,7,5,4,4,8,2,8,5,3,9,9,4,6,6,9,5,4,5,7,10,4,5,8,2,6,4,7,7,8,1,7,10,5,8,3,4,3,4,3,3,9,10,4,5,2,2,1,9,8,9,10,6,5,2,1,2,7,10,8,3,1,2,6
31,16,8,36,33,21,39,62,19,40,4,13,18,21,70,20,1,21,12,54,14,13,10,55,40,63,40,23,65,49,14,47,70,35,52,22,18,54,50,28,11,45,15,24,40,28,23,67,21,38,25,51,71,16,40,47,46,45,11,5,30,12,2,72,71,10,14,1,58,30,42,69,70,51,10,44,17,37,46,38,56,57,53:6,9,6,4,6,3,2,8,6,8,6,2,4,1,2,1,4,8,3,8,9,1,6,2,6,6,4,1,4,9,7,5,2,2,9,7,10,9,8,8,10,1,7,7,1,10,1,6,6,10,1,10,1,8,8,9,5,10,3,1,7,1,8,9,8,10,2,7,8,5,4,7,2,6,8,10,1,7,10,3,8,2,6
69,58,44,42,9,67,33,59,71,40,70,17,11,34,39,71,21,31,65,31,22,21,70,35,17,70,6,53,3,68,25,54,73,46,4,63,39,40,19:7,9,7,10,9,1,5,2,4,7,8,5,9,2,7,6,6,2,2,6,8,7,3,4,5,7,7,3,5,10,4,3,10,3,5,9,6,8,5
59,20,27,44,72,33,28,27,29,29,31,64,25,32,38,63,48,30,18,23,41,19,70,32,73,32,12,66,54,35,62,41,12,17,11,64,36,1,21,56,31,46,21,71,60,35,50,29,21,39,34,23,26,22,44,3,62,47,60,69,54,65,28,51,17,74,31,44,30,35,49,45,6,17,10,51,67,15,47,50,37,74,34,26,41,29,55,44,56:4,9,5,1,7,7,5,9,5,9,7,3,10,2,5,10,3,6,10,10,3,5,10,9,6,4,10,9,9,4,6,10,10,9,5,7,9,7,9,9,4,6,3,2,2,6,7,5,5,8,2,5,4,4,8,1,7,3,5,1,4,2,9,1,2,5,10,2,2,8,4,9,1,8,2,6,1,5,6,10,10,7,1,3,5,9,2,6,1
28,35,9,71,72,11,43,13,28,53,32,45,56,22,19,34,2,74,56,21,37,54,60,18,14,43,35,48,3,5,32,7,14,55,63,21,13,38,20,12,24,54,39,70,69,39,41,42,62,62,68,10,58,30,2,40,67,63,30,58,19,48,24,5:9,5,6,10,3,3,7,6,5,5,7,2,10,8,10,5,7,5,2,10,2,8,7,1,4,5,3,6,7,10,6,5,9,4,7,7,7,2,8,6,6,7,6,2,1,6,7,9,2,10,6,9,3,10,4,9,6,5,8,10,10,2,5,2
42,46,46,12:7,1,4,10
21,2,19,67,38,55,37,39,68,8,16,2,61,23,25,60,1,24,43,24,58,69,42,34,24,57,36,45,17,31,60,74,30,29,36,63,5,64,13,28,73,6,17,56,22,25,32,52,38,71,52,54,14,29,56,70,20,46,62,70,20,68,26,14,37,27,44,9,24,68:4,9,3,4,6,7,4,3,1,6,3,7,3,3,6,5,3,5,1,7,10,2,9,10,3,5,8,5,5,6,7,3,4,5,10,4,1,1,6,8,5,9,1,5,4,10,6,10,9,5,5,2,6,6,7,4,7,10,5,7,3,5,7,10,4,7,2,1,6,4
5,14,67,22,59,64,70,71,49,29,50,64,69,11,18,71,30,54,71,32,70,1,8,53,65,46,36,37,16,66,3,15,47,43,41,59,15,2,60,68,14,24,12,6,47,63,24,49,29,66,67,58,74,8,65,68,58,70,68,14,69,7,68,46,28,3,41,36,47,74,59,56,28,72,53,11,62,12,13,35,5,55,30,55,48,30,56,58,13,41,5,23:1,3,4,3,7,8,10,6,9,2,8,8,8,3,1,3,2,2,3,8,5,9,8,6,7,8,9,10,6,9,1,9,5,4,2,8,4,5,10,4,5,5,1,4,8,10,9,6,1,3,5,9,4,8,4,4,2,4,8,3,1,4,3,4,6,8,9,7,6,5,2,8,8,10,4,2,10,8,6,1,10,4,7,9,6,7,7,2,7,2,7,8
31,53,57,5,3,6,1,49,33,34,2,17,42,27,74,14,22,33,49,15,25,71,11,74,19,17,9,32,60,65,61,46,44:2,9,2,10,5,7,1,6,7,1,3,4,8,2,9,6,2,1,2,2,9,3,1,1,8,5,10,10,10,9,9,1,8
39,66,56,3,20,3,5,41,32,64,74,2,70,62,74,18,18,34,43,60,51,51,54,58,25,56,36,43,72,4,28,67,44,31,23,62,36,16,6,10,35,36,65,46,60,23,33,66,12,46,74,36,15,6,40,55,17,25,41,32,30,69,39:8,10,6,4,4,9,7,2,10,5,4,1,5,2,7,3,5,9,9,6,8,9,6,8,9,4,4,8,8,1,3,8,10,9,3,3,7,8,2,4,3,10,6,5,3,3,9,4,8,9,10,8,4,4,6,1,9,3,2,2,7,3,9
21,38,30,70,14,22,73,45,65,18,44,51,26,38,38,27,13,8,5,46,30,48,54,34,21,57,5,3,10,18,56,13,23,60,70,7,33,22,62,27,19,14,64,38,46,35,64:9,7,6,2,7,5,2,3,9,3,3,3,9,1,10,5,6,4,9,6,1,3,10,2,2,1,4,5,9,9,9,10,4,6,5,4,9,6,10,9,8,10,8,5,1,2,10
54,22,34,63,44,9,69,22,12,48,6,69,20,50,27,48,21,16,45,60,65,43,74,16,47,69,28,60,17:5,6,10,5,2,3,3,1,10,4,1,7,10,9,4,1,5,4,7,1,9,3,1,10,10,9,6,9,7
8,45,10,44,57,9,40,13,14,27,70,72,72,74,2,2,40,10,8,50,10,12,41,28,45,43,36,19,61,32,17,46,53,56,2,57,33,47,57,57,38,59,24,48,15,8,42,45,74,46,73,17,11,17,40,46,56,50,21,15,65,73,24,67,60,34:3,8,3,10,4,3,7,5,1,3,9,9,9,6,3,9,10,7,1,9,10,4,9,3,4,5,1,1,6,9,9,5,9,10,2,9,7,4,6,7,4,9,8,10,5,3,10,3,6,3,1,3,10,9,1,7,7,10,10,6,3,6,2,9,8,4
17,64,4,23,14,41,37,43,48,70,39,37,48,27,50,64,9,71,18,31,52,43,57,39,34,70,50,71,31,56,28,63,52,41,27,31,62,34,57,42,47,35,55,54,12,1,3,23,57,19,57,37,41,40,57,51,47,29,8,24,64,63,57,16,53,40,16,71,32,66,62,41,49,45,51,53,29,4,61,20,19,34,1,31,26,61,62,13,16,54,12,1,43,23,22,4,69:9,2,4,6,4,8,7,3,1,8,3,5,4,6,5,3,5,5,6,9,7,10,8,4,2,6,10,3,1,4,10,8,4,4,9,10,4,9,5,8,6,4,6,10,5,3,4,6,1,6,3,8,10,5,2,4,5,10,8,5,10,8,10,4,2,7,6,1,10,8,2,3,8,9,9,4,7,9,3,4,2,9,7,1,9,2,3,7,7,3,2,2,8,9,9,3,6
65,32,18,54,20,22,53,62,63,72,38,16,28,23,30,56,37,14,38,70,54,34,22,41,39,46,10,20,52,34,58,34,58,12,52,23,58,33,74,64,72,54,39,17,23,37,42,69,8,31,61,71,72,17,37,15,67,15,8,26,53,26,31,11,40,2,45,3,25,51,70,63,6,66,61,33,27,41,7,29,32,25,4,35,28,38,68,62,15,3,1,4,15,39,7:6,7,4,4,7,3,5,9,2,7,2,8,4,9,2,1,4,4,7,10,10,6,8,10,3,3,3,10,9,2,6,2,8,5,3,1,6,6,9,2,6,5,10,6,5,1,7,5,9,7,7,7,9,7,2,3,4,1,10,4,9,3,2,3,7,1,9,4,7,4,6,10,9,3,9,5,2,9,10,4,5,2,2,10,6,4,4,2,9,9,4,6,1,7,9
61,36,32,67,68,33,34,9,68:1,3,3,4,3,8,2,2,8
27,62,73,38,20,39,37,53,15,58,33,50,50,54,67,6,37,8,52,52,14,25:4,5,1,4,1,7,8,2,7,3,4,1,4,5,2,5,5,7,7,5,2,4
41,67,68,69,71,45,46:4,8,9,7,7,6,3
38,41,28,64:4,3,2,7
46,35,21,74,38,66,64,33,17,62,61,61,51,33,18,12,29,41,37,34,65,26,19,15,74,4,56,57,22,55,4,28,16,36,32,74,73,46,50,56,62,71,72,1,21,38,51,67,55,29,34,42,53,72,14,37,21,2,48,29,9,2,1,31,1,57,20,58,42,8,43,66,53,59,70,42,7,65,41,15,42,38,34,21,11,12,17,1,39,15,34,22,40,3,41,6,10,31,7:5,4,4,4,4,3,2,6,6,7,9,7,3,7,10,10,1,1,4,8,2,5,5,9,10,10,6,3,8,10,8,4,10,3,4,10,10,10,4,4,10,5,3,9,4,2,7,8,2,9,5,6,10,3,9,1,6,4,8,5,3,5,9,8,5,3,1,10,5,2,7,2,2,7,3,2,10,4,7,5,9,9,8,3,5,9,2,3,6,3,7,8,2,1,2,3,10,10,5
57,32,36,22,43,12,57,66,73,57,10,13,74,63,53,3,14,68,55,5,20,69,21,47,64,9,17,30,45,65,31,49,35,21,8,58,59,37,42,29,39,47,25,50,38,42,56,61,5,15,57,64,30,43,13,49,27,57,15,21,66,24,26,7,44,68,19,30,5,32,28,6,23,44,66,10,51,7,64,48,22,20,35,12,3,18,22,50,18,48,55:6,2,6,7,4,5,9,10,7,9,7,3,7,1,1,8,6,9,10,8,6,8,4,10,5,5,5,9,10,3,7,4,10,5,6,8,10,9,9,2,9,4,10,8,3,1,2,1,8,10,4,4,6,3,3,10,2,9,6,7,1,8,9,2,6,4,4,9,9,7,1,8,5,8,8,1,3,8,5,7,9,10,8,5,6,7,10,4,9,8,9
68,33,46,47,4,23,55,62,70,62,17,62,59,71,11,47,8,49,22,46,26,42,4,55,23,37,2,72,20,1,47,2,42,63,25,25,25,50,5,65,44,42:8,5,6,3,6,10,9,9,2,2,7,5,9,8,3,7,6,2,6,2,6,5,4,6,6,8,2,1,2,10,5,1,4,8,7,1,8,10,6,1,9,2
44,73,74,3,64,40,13,33,9,63,20,64,9,8,36,9,31,43,25,49:8,10,5,3,3,8,5,9,1,8,6,1,4,10,1,10,10,9,3,7
60,58,52,67,65,56,30,74,32,7,51,31,24,26,6,36,41,5,13,3,50,36,20,61,16,45,61,12,18,5,8,34,9,60,74,51,55,69,74,70,9,53,42,9,52,2,62,62,23,70,12,17,56,25,30,45,53,65,61:1,10,5,4,5,4,8,8,9,1,1,3,9,8,1,4,3,10,1,7,3,2,4,3,6,1,6,7,10,1,7,9,3,4,4,6,5,3,8,8,1,4,8,8,7,4,7,2,3,2,8,10,7,10,2,5,3,2,4
71,26,54,18,56,67,42,8,71,8,10,10,65,36,74,34,1,22,31,74,12,54,20,65,69,27,67,35,46,39,46,4,13,74,51,7,22,62,58,21,56,69,42,40,1,63,35,54,17,10,48:4,7,4,7,5,4,5,5,5,7,8,8,4,9,10,4,3,7,5,4,10,1,2,10,7,5,10,5,9,5,8,1,7,7,10,6,4,1,10,6,1,3,4,3,4,10,1,6,4,8,3
26,16,2,36,22,73,17,1,36,31,16,67,55,9,51,24,71,32,50,19,29,47,69,64,56,38,32,17,41,7,28,9,15,29,37,63,58,51,54,49,13,22,45,16,13,21,51,17,31,70,62,29,42,34,7,49,29,45,21,32,43,27,31,22,50,37,71,59,37,30,41,18:10,10,10,3,9,8,10,9,10,2,10,4,4,6,10,4,4,7,7,10,5,10,2,2,10,9,2,7,6,6,3,1,2,4,3,3,5,3,10,3,3,7,1,2,4,10,1,8,6,10,9,5,6,3,10,4,1,3,8,8,6,9,9,3,1,5,2,8,4,7,3,3
39,51,35,33,6,10,7,50,70,45,74,18,61,3,63,8,24,52,35,48,32,43,22,67,9,61,12,9,64,12,6,11,45,12,16,1,5,21,58,72,9,37,27,72,38,28,21,67,46,39,4,71,44,63,71,5,43,19,26,11,69,20,24,43,19,59,17,20,33,1,74,27,24,71,56,9,38,8,42,2,16,38,14,70,63,20,32,70,32:1,9,3,8,9,4,1,10,3,2,9,10,9,7,6,2,1,5,6,4,7,10,3,4,2,9,10,5,8,9,5,2,3,1,8,5,6,5,7,4,6,10,9,10,9,3,7,4,7,2,3,1,2,6,10,9,5,4,5,5,8,2,4,6,5,1,1,4,9,9,10,2,5,3,6,9,1,7,8,3,10,5,1,6,5,1,7,5,9
37,16,21,35,60,62,47,32,39,62,66,39,54,24,56,47,41,35,4,26,72,42,65,45,44,41,37,67:3,7,3,10,3,10,10,6,8,5,1,3,5,6,10,1,9,1,1,7,5,9,9,4,3,9,10,2
49,9,22,5,66,33,19,59,43,18,21,37,40,50,32,67,3,12,64,28,25,64,25,40,21,41,19:3,10,2,1,1,2,6,4,9,2,10,10,8,10,4,5,10,7,7,6,2,10,8,2,10,10,2
34,63,19,25,60,6,66,54,54,14,33,30,74,50,27,20,37,2,16,23,63,8,43,1,15,57,7,3,16,28,42,4,67,2,65,6,65,42,40,67,24,21,66,29,25,70,10:5,9,2,7,1,5,7,7,5,6,10,6,10,7,4,1,10,9,6,5,2,2,5,5,9,3,8,1,3,4,9,7,4,5,3,5,1,7,1,4,3,3,8,8,10,8,6
47,13,6,19,27,52,26,45,62,43,69,21,54,9,23,40,18,53,26,8,24,73,53,73,19,40,22,60,35,50,13,43,71,24,56,6,43,10,22,4,8,43,41,34,5,10,46,30,72,3,20,48,33,6,58:3,8,9,1,8,7,3,7,7,7,6,5,8,6,7,7,1,10,7,6,4,8,4,3,1,9,3,8,6,2,3,9,3,5,4,1,5,10,8,1,8,8,4,7,8,1,10,1,3,1,2,6,4,10,1
34,4,73,54,28,51,71,12,72,16,48,69,52,19,43,29,44,58,61,35,40,18,3,18,43,63,54,51,65,65,66,53,38,19,24,15,15,23,24,62,37,62,59,47,24,31,3,27,26,43,40,45,41,20,14,46,8,38,8,68,24,21,36,35,42,47,48,47,1,42,31,74,11,33,45,5,4,71,42,28,60,12,2:2,1,3,4,10,4,9,6,10,4,2,1,8,2,7,5,5,7,4,6,7,5,5,8,10,5,7,2,3,8,10,1,7,7,9,3,9,3,4,8,9,7,5,7,4,8,9,9,1,9,7,9,7,3,2,2,6,3,2,1,6,1,9,6,4,5,1,7,6,3,10,2,3,8,3,9,7,4,4,10,3,2,7
50,18,7,53,37,34,61,17,34,74,34,73,9,50,56,35,60,9,70,72,11,21,61,54,68,15,35,5,23,11,37,30,63,48,30,26,15,16,36,47,9,53,47,67,8,54,18,73,23,65,19,13,73,66,48,6,71,64,36,64,31,58,15,27,70,37,14,59,22,42,55,51,66,34,43,31,34,54,5,67,71,38,74,29,21,72,70,21,36,42:3,6,5,3,5,9,9,4,9,4,8,1,7,6,5,5,2,4,8,7,10,10,3,5,6,10,9,10,9,2,1,5,8,4,3,6,8,9,2,2,7,10,3,7,2,9,2,7,2,3,9,2,7,3,3,2,7,6,2,8,10,6,7,9,8,4,6,3,3,3,3,2,9,6,6,4,3,9,5,1,3,9,2,4,6,6,2,9,2,3
23,3,26,50,36,69,59,1,37,2,35,65,30,42,52,2,4,13,36,32,56,5,30,16,41,59,9,66,3,51,62,20,38,21,70,37,47,31,67,26,20,26,24,38,40,11,18,16,40,68,23,65,19,67,10,24,12,69,70,26,16,64,36,72,1,72,73,24,23,34,35,46,22,57,58,24,9,40,13,26,48,18,4,22,2,8,64,56,53,35,3,51:6,10,8,6,3,9,2,10,3,9,7,2,3,9,7,9,10,7,3,4,5,9,9,3,6,5,4,4,4,6,1,8,5,4,8,4,4,5,5,8,6,4,8,10,1,2,7,6,3,4,6,3,8,9,4,6,5,2,3,8,8,5,5,4,7,1,4,3,8,9,3,1,2,9,5,5,9,2,3,8,9,5,2,2,7,5,8,3,10,7,9,8
46,4:7,2
43,48,52,57,13,25,43,56,29,22,45,56,33,57,47,20,21,36,58,36,45,23,69,20,6,29,18,58,51,27,55,34,25,19,70,49,2,29,38,54,66,26,61,15,71,64,7,53,11,45,7,37,17,24,15,73,11,28,57,19,56,37,42,15,15,36,45,48,39,2,65,4,49,16,36,28,70,46,26,54,2:6,10,2,9,8,9,10,10,8,9,9,2,2,10,1,4,7,6,3,2,10,10,8,7,9,7,9,8,4,7,1,3,6,5,8,4,2,8,8,8,9,7,10,2,9,1,3,7,9,1,5,8,3,5,2,7,1,5,3,9,9,6,6,1,8,5,2,2,10,5,2,1,2,9,4,10,10,9,5,10,5
43,55,20,57,25,57,12,14,48,13,52,63,23,10,30,51,22,70,46,19,69,62,65,15,46,8,48,26,34,17,13,5,52,11,20,9,26,33,6,1,8,61,56,3,32,62,10,45,39,23,66,54,57,13,23,46,20,6,23,60,43,29,31,50,19,58,18,68,6,3,1,48,61,40,39,17,23,61,65,16,55,18,73,17,59,32,51,56,60,6,34,27,60,27:10,4,8,6,3,5,2,3,9,8,10,5,8,3,10,1,10,4,9,3,1,7,6,4,5,1,8,6,6,10,10,3,6,6,5,10,4,2,7,6,8,3,2,1,10,10,2,5,3,10,2,9,1,3,8,9,2,3,3,1,2,2,10,9,8,6,1,10,2,2,8,2,10,4,1,6,1,4,5,2,7,3,9,5,1,1,8,8,8,6,1,8,7,6
8,6,7,29,16,49,71,3,19,55,64,12,62,33,71,39,66,7,55,24,12,71,22,4,58,42,24,10,43,52,30,15,27,13,33,2,3,56,6,67,71,39,9,20,37,37,67,38:1,9,6,4,9,10,4,9,10,4,2,9,7,1,7,10,1,6,3,1,10,7,4,4,7,5,8,6,6,5,2,2,2,7,9,2,5,4,10,2,9,2,2,9,5,8,5,7
40,63,54,24,29,25,34,52,20,31,32,38,52,50,61,69,14,7,42,59,39,48,44,46,67,65,63,7,23,16,45,10,52,13:6,2,3,2,10,7,3,9,1,7,5,2,2,9,2,3,3,3,3,5,5,3,9,5,6,10,5,7,1,2,4,6,9,2
69,34,65,36,14,74,21,3,28,63,38,44,70,58,41,42,8,56,70,42,40,6,5,29,45,41,45,47,59,30,21,26,14,8,56,52,20,35,8,5,54,40,54,24,24,42,53,50,59,63,58,73,7,71,43,66,54,39,13,21,20,18,64,40,57,65,5,32,19,29,62,13,6,66,10,2,65,23,20,61,13,56,41,49,18,16,35,62,11,19,70,12,24,47,57:1,4,5,6,1,5,8,10,10,1,9,4,3,10,7,10,10,8,4,8,6,2,3,10,8,7,9,7,9,1,1,4,4,3,1,2,7,3,10,7,5,8,3,5,6,8,5,1,10,1,7,10,1,2,10,8,8,1,1,2,6,10,3,3,5,5,7,9,7,6,9,9,9,1,3,7,3,3,1,4,3,2,6,8,4,8,7,7,2,9,5,6,10,7,8
2,38,58,25,58,5,11,73,14,1,49,53,62,57,69,1,44,14,20,11,65,49,21,66,5,11,59,71,59,57,13,54,25,15,39,26,20,33,6,53,6,37,60,35,56,12,67,72,7,21,9,64,32,49,59,74,20,14,7,6,31,66,68,27,9,15,61,30,2,70,55,53,12,46,19,66,21,70,27,39,65,72,33:9,10,7,3,2,5,2,10,6,4,9,5,1,8,8,6,6,1,9,4,6,10,7,2,10,3,4,3,6,4,3,10,1,6,3,3,10,9,3,10,6,4,8,9,9,9,1,8,2,6,4,8,10,7,10,1,6,3,8,5,10,4,3,4,1,2,2,2,7,7,4,10,4,1,9,3,6,7,8,8,8,7,6
22,40,32,41,63,20,62,30,17,73,13,31,45,61,61,57,54,59,19,19,11,14,30,18,52:10,9,8,7,2,7,7,9,4,5,8,4,2,9,5,8,9,8,3,3,8,3,10,2,4
27,19,67,13,58,49,65,5,24,60,49,60,31,46,45,71,33,2,40,55,9,11,27,66,14,11,10,37,28,35,32,43,34,51,9,34,73,52,23,55,37,49,59,52,24,9,71,34,23,23,10,19,62,74,73,50,5,58,56,24,22,18,4,15,34,61,69,52,27,6,49,37,73,29,22,2,12,48,12,56,37,36,28:8,6,10,7,8,8,4,4,2,1,8,5,7,6,3,1,8,5,1,4,7,6,7,1,6,10,3,8,3,6,4,8,7,1,8,10,7,8,2,7,5,10,7,8,9,4,1,1,5,6,2,4,6,9,3,3,7,6,4,4,7,9,2,8,2,7,8,10,1,5,6,5,7,10,5,4,10,7,7,7,9,9,9
48,59,58,58,71,34,41,34,43,50,3,31,28,64,30,53,12,16,23,9,18,65,19,73,63,22,25,56,30,3,74,21,41,30,14,43,20,4,66,24,42,6,30,71,12,32,57,32,43,22,10,34,7,39,15,47,55,18,15,30,5,19,34,56,55,5,16,21,33,15,3,1:6,7,1,2,7,9,8,8,5,9,1,2,4,9,3,1,9,9,6,4,2,7,3,2,5,5,5,7,4,7,5,7,7,10,2,8,9,8,2,5,2,9,7,3,8,9,6,2,7,2,5,3,6,1,10,10,5,3,6,6,1,1,4,10,10,1,2,6,9,5,2,5
56,1,6,4,51,54,34,23,6,23,59,41,18,50,47,33,58,4,52,14:6,8,3,3,8,6,3,4,7,4,10,10,3,6,8,2,3,9,2,5
51,29,35,28,36,26,60,25,65,15,63,34,33,61,8,59,60,18,47,61,62,13,41,30,31,19,64,64,5,18,61,73,1,7,48,27,56,47,63,64,13,74,38,38,39,56,73,60,50,36,51,16,16,70,47,35,47,30,46,51,5,36,53,9,34,40,40,21,37,27,56,40,7,27,57,50,62:2,8,5,7,3,2,10,6,2,7,4,4,7,5,5,1,3,7,6,5,1,4,9,5,8,3,9,6,10,9,5,2,9,1,3,5,7,10,2,1,6,9,7,3,7,8,1,4,5,9,6,7,1,1,9,7,2,5,10,2,5,1,5,7,4,7,9,1,9,4,7,7,8,1,3,2,9
36,69,31,11,65,6,50,29,16,2,59,48,36,45,1,4,29,7,58,45,59,54,68,73,38,40,18,45,17,13,18,18,31,20,42,59,10,29,22,21,42,66,11,36,25:5,8,9,2,7,10,10,9,9,6,6,7,4,1,3,8,6,4,1,4,5,10,9,4,9,1,8,9,6,8,7,5,9,2,6,10,9,1,7,5,4,8,7,1,9
40,46,10,6,18,13,25,6,32,33,49,44,66,8,54,67,27,60,16,23,3,59,64,36,26,55,60,70,39,64,9,20,33,5,31,34,10,7,16,14,41,21,38,24,1,25,28,8,28,5,60,62,59,34,42,12,38,52,55,32,55,58,9,38,60,37,56,69,32,72,55,19,15,58,38,6,7,70,50:7,8,8,7,7,3,8,6,1,4,6,3,4,3,2,5,5,10,10,3,3,8,8,7,7,9,2,9,3,1,6,8,3,6,4,9,7,2,5,5,10,8,4,6,6,10,4,6,5,3,9,2,8,8,10,5,6,2,7,10,1,6,9,6,2,4,3,5,2,4,9,8,10,7,8,5,9,4,8
16,18,71,29,27,18,70,2,40,41,67,29,48,23,41,61,5,72,13,13,49,29,2,1,74,40,16,55,4,40,4,14,74,9,40,45,30,5,1,18,1,27,49,45,28,34,58,66,65,16,18,40,30,24,21,4,38,46,40,63,41,39,67,12,10,36,24,45,11,46,35,41,66,39,40,34,57,47,55,44,52,10,60,46,71:8,5,5,5,10,4,2,6,6,7,2,5,4,9,4,2,3,9,10,5,1,6,10,4,6,3,5,8,1,3,8,1,8,1,10,4,2,7,4,6,4,6,7,10,5,6,4,1,5,4,8,2,1,10,8,4,4,2,1,8,8,5,9,2,1,3,4,9,7,4,3,4,5,4,7,6,5,5,10,6,8,9,5,10,8
61,65,5,4,13,45,25,2,68,69,66,31,33,13,4,61,52,67,71,52,74,25,15,28,24,31,30,59,4,67,31,20,59,6,71,13,26,13,69,19,46,68,39,20,11,14,6,60,44,17,18,41,10,33,56,67,12,43,67,70,41,41,25,57,74,36,36,3,35,32,21,6,25,36,10,22,50,7,60,38,55,52,2,46,2,32,63,57,50,72,34,40,37,47,28,67,54,46:1,3,2,9,3,3,6,7,4,9,2,8,9,3,5,9,8,10,7,10,8,2,8,9,1,3,1,3,1,9,1,8,2,6,5,3,2,9,2,4,6,4,3,7,3,5,10,2,7,10,1,6,10,2,4,7,3,1,10,6,6,3,2,2,3,6,10,1,2,7,3,4,8,6,6,8,1,3,10,2,3,3,3,9,2,8,7,5,8,1,9,7,6,6,2,7,5,9
61,24,39,41,35,49,43,72,14,25,70,17,59,40,25,15,64,2,12,37,10,62,16,50,16,46,38,61,41,56,62,62,4,17,48,6,64,17,28,42,59,10,28,19,59,60,13,29,38,39,15,73,13,21,14,43,38,10,23,65,28,68,52,27,6,65,52,63,8,37,66,30,9:6,10,9,4,5,2,5,6,6,3,9,10,1,6,5,5,10,3,7,4,6,4,1,4,3,3,4,10,10,7,7,10,9,2,7,5,6,7,10,5,1,8,9,6,2,1,6,9,10,2,3,2,5,8,6,10,3,4,4,9,6,3,8,2,5,4,9,9,6,3,10,10,3
9,50,46,59,73,46,73,25,55,42,57,67,11,1,39,74,9,19,12,30:4,7,1,4,4,2,1,5,10,9,3,4,9,6,4,6,4,5,1,7
66,50,43,53,67,47,39,55,8,35,64,66,11,9,22,16,59,55,28,32,54,27,50,45,22,47,9,35,18,17,14,48,39,67,7,37,24,46,36,48,57,66,72,29,36,18,18,36,7,24,30,22,52,7,25,32,52,8,26,56,56,59,67,29,67,5,52:7,7,8,5,6,9,6,7,1,5,4,3,1,4,7,2,5,2,5,2,9,4,3,2,4,2,1,4,8,5,7,4,3,10,7,3,6,6,4,2,7,4,7,8,10,1,3,9,2,10,7,10,3,5,2,7,9,3,4,3,9,1,9,4,6,10,7
43,44,52,30,42,65,72,62,70,30,67,67,24,56,17,7,64,24,63,70,1,31,42,28,5,35,61,33,48,62,74,9,73,18,51,38,6,74,74,29,66,28,19,6,45,30,68,30,43,33,60,38,55,18,12,36,56,33,31,8,13,50,1,4,3,35,28,29,62,66,50,4,68,3,47,59,8,14,24,16,21,39,40,72:9,10,3,3,2,9,2,10,9,7,3,2,3,1,6,5,9,3,4,9,9,1,1,5,2,3,2,3,6,1,8,3,9,7,1,4,3,3,10,3,1,7,6,9,7,5,8,4,6,1,9,1,9,2,4,3,2,2,9,6,2,3,7,7,7,3,4,5,9,9,6,6,8,2,2,10,10,2,2,3,10,3,1,6
24,12,50,62,52,61,29,21,28,4,43,74,7,19,74,2,54,49,74,62,25,1,45,58,30,42,36,16,68,68,18,57,58,20,56,7,50,53,55,26,32,57,48,7,21,15,69,11,27,62,29,33,45,4,42,17,34,1,58,49,49,27,3,62,71,26,1,50,68,53,12,34,34,4,29,20,43,14,36,10,67,68,38,34,7,24,1,61,11,48,13,32,9,63,4:4,10,6,4,7,5,4,2,3,6,10,2,6,2,7,8,3,4,6,8,2,10,2,3,9,4,6,9,6,6,8,3,6,7,1,5,9,8,8,4,1,1,7,6,5,5,8,10,4,2,9,7,8,2,3,1,10,4,1,10,6,6,5,2,2,3,6,7,1,6,3,10,4,2,8,10,1,7,1,2,5,1,5,8,3,2,9,2,1,6,9,10,10,4,5
28,1,38,66,11,49,64,72,37,68,23,14,43,6,43,74,3,46,8,32,49,74,18,61,23,57,29,52,61,12,25,20,42,34,65,35,14,54,32,23,50,34,49,67,1,26,58,32,15,32,14,40,15,69,59,50,69,16,5,64,45,61,72,38,8,21,38,59,7,24,61,60,1,20,69,11,67,51,71,27,26,1,1,5:8,3,6,8,4,9,6,1,4,8,8,7,7,2,4,9,9,8,4,9,7,2,4,9,5,1,3,5,1,5,7,4,9,7,7,4,6,5,5,1,8,8,4,9,4,3,7,5,5,7,9,9,1,10,2,6,5,7,4,3,10,8,2,6,8,9,8,3,10,10,10,7,6,1,10,5,4,6,7,6,3,5,2,7
38,3,15,55,22,71,12,49,64,24,69,9,57,31,42,3,6,54,53,50,39,60,55,61,26,28,12,2,3,7,38,66,32,27,11,23,12,27,72,26,19,29,47,24,41,12,41,39,57,59,70,64,2,35,29,1,66,43,58,13,67,12,19,56,33,6,33,32,54,72,58,58,1,17,43,20,38,8,22,39,61,53,12,40,49,4,8,14,53:1,9,7,1,1,8,4,3,3,8,10,9,3,1,9,7,9,3,5,7,2,5,4,10,5,2,7,9,1,6,7,2,10,5,6,2,6,4,10,1,9,1,4,1,10,5,10,4,7,2,9,5,7,2,1,4,1,1,3,9,5,2,2,9,6,1,1,7,2,7,5,4,8,4,1,9,9,10,8,1,5,5,5,9,8,5,10,8,9
66,49,58,15,39,19,35,8,41:2,5,8,1,5,10,4,4,10
64,63,53,41,20,58,21,4,21,11,66,11,71:8,5,4,7,10,5,6,1,5,9,3,5,9
64,52,21,52,13,12,9,54,33,25,34,30,43,68,33,25,2,32,33,15,19,27,15,59,43,34,47,46,49,27,62,10,65,49,49,62,68,35,69,41,11,46,21,15,16,40,3,4,70,29,53,34,73,36,45,6,12,32,27,1,12,4,73,38,27,71,36,59,14,72,42,60,7,28,60,18,70,68,57,61,59,58,66,52,30,11,1,49,49,66,12,31:7,5,3,4,5,1,10,9,8,1,1,3,5,5,4,1,7,3,1,8,6,5,8,6,2,4,4,1,3,10,1,8,10,6,3,7,9,2,2,3,3,9,7,9,6,10,2,1,4,3,3,7,9,8,8,9,1,2,7,10,7,3,10,2,2,10,8,1,3,7,6,4,6,7,1,5,9,8,3,8,5,3,8,2,8,6,4,1,7,7,8,2
12,7,3,17,71,21,54,66,66,12,4,1,28,18,6,5,47:4,9,4,5,2,9,5,5,9,3,6,10,7,2,7,9,9
5,34,53,17,52,61,33,72,58,61,71,43,49,37,66,39,62,29,10,60,63,22,40,3,1,52,3,43,3,39,58,12,9,69,5,29,32,60,73,10,73,73,60,61,39,27,55,73,24,38:5,6,2,9,5,4,4,4,5,1,8,4,4,3,7,5,3,8,6,7,6,2,10,9,4,4,1,8,1,3,3,10,6,6,8,8,7,2,7,10,9,3,5,5,4,9,2,8,9,3
16,55,62,34,51,41,11,47,72,67,15,26,68,48,21,61,27,41,20,53,51,30,21,73,30,15,59,38,52,22,39,32,13,44,20,67,2,19,41,3,47,11,70,27,31,59,5,57,16,67,47,44,5,14,48,36,16,64,60,30,53:5,9,5,4,1,3,5,7,7,6,5,3,9,7,7,3,2,5,10,1,2,6,8,2,4,7,5,8,9,5,9,1,7,8,6,5,1,3,8,10,9,6,2,1,5,6,7,8,3,3,3,2,10,4,6,7,4,5,8,2,10
17,47,50,62,6,59,58,23,69,9,12,63,57,10,47,19,11,41,58,20,27,13,36,67,35,15,34,12,38,1,67,20,46,64,51,58,2,58,26,39,3,73,63,14,3,65,22,12,7,25,4,74,16,6,62,31,70,53:8,10,5,3,6,5,7,10,2,3,10,9,9,6,2,1,10,5,10,4,5,7,10,3,2,3,6,5,5,7,5,9,5,1,4,4,5,7,5,8,7,1,9,7,4,2,4,2,7,4,9,3,5,2,4,7,4,9
39,16,46,67,40,45,31,62,10,63,12,61,60,54,57,32,24,42,19,43,67,37,11,12,15,2,41,42,25,17,61,51,62,54,71,62,31,69,50,56,6,44,13,10,11,68,66,59,61,2,38,15,22,24,55,14,46,25,73,65,66,4,50,53,17,16,25,40:3,5,8,2,9,9,9,8,3,8,4,8,4,1,5,3,10,8,3,2,3,8,7,5,10,3,2,4,4,1,5,10,6,10,7,3,10,1,2,3,3,10,7,9,9,7,7,2,10,1,1,4,4,2,2,2,5,6,4,6,9,7,10,7,2,9,4,10
69,50,53,2,2,35,63,19,59,28,65,6,36,13,64,56,47,39,22,63,59,8,53,36,69,44,54,28,24,24,61,43,69,54,45,28,50,61,40,7,70,2,65,16,47,15,32,30,69,34,27,32,70,22,59,39:1,6,6,4,2,10,2,10,8,2,1,10,7,3,10,5,3,8,6,7,2,7,9,2,9,4,8,10,2,3,2,6,10,5,9,6,9,4,4,2,4,10,5,9,5,1,6,6,2,8,6,7,4,6,2,2
