14,25,60,42,53,7,66,35,10,21,9,5,8,19,17,18,41,3,50,19,50,28,33,70,25,19,40,10,21,34,28,15,3,70,48,24,56,9,45,73,37,15,63,31,13,73,13,9,39,73,32,70,26,39,13,19,29:6,6,9,5,3,3,9,5,10,10,3,10,2,3,8,3,3,4,1,8,7,3,5,4,6,4,5,9,6,3,8,7,1,2,2,4,1,7,2,10,1,5,5,10,9,4,2,10,9,1,3,1,1,5,1,10,4
5,20,9,21,6,29,43,55,54,3,8,37,25,17,61,57,51,1,2,74,40,31,65,53,1,17,11,16,49,15,51,65,63,28,18,62,74,14,41,29,37,55,67,56,52,13,4,61,60,20,51,15,37,44,23,53,23,23,16,59,53,56,54,59,64,68,31,5,24,4:6,3,8,2,1,10,1,2,5,10,5,4,7,1,9,2,4,9,4,5,6,1,2,10,7,8,4,8,1,1,7,4,10,7,6,8,1,2,6,7,10,6,8,9,1,5,6,2,2,6,9,7,5,1,10,3,1,5,3,9,6,8,10,2,5,9,4,7,9,6
7,58,10,56,61,33,74,46,14,1,51,52,14,21,59,17,6,26,9,39,70,74,22,10:4,9,7,6,6,6,3,8,4,3,6,2,2,7,1,6,1,1,8,6,7,10,9,10
73,41,45,38,63,50,2,58,55,19,19,48,74,35,44,67,2,9,51,32,48,70:3,8,7,4,5,1,7,7,4,3,5,4,5,5,8,9,2,10,2,9,2,7
61,18,43,59,9,54,60,58,35,9,11,20,59,62,10,10,48,15,74,42,15,13,64,15,32,71,60,19,69,32,28,10,49,42,47,31,38,35,31,59,29,23,57,71,4,26,65,19,70,72,68,58,34,62,44,30:7,5,5,6,7,8,5,1,3,4,5,6,6,3,1,5,6,6,10,4,5,1,5,6,4,5,2,9,7,9,6,1,9,2,9,9,4,4,1,10,9,5,8,6,5,3,4,6,1,7,4,2,4,3,7,2
67,39,74,48,70,39,41,1,19,26,64,53,8,26,68,55,15,64,70,8,54,58,55,60,41,15,13,27,66,40,57,52,65,26,1,7,60,73,60,15,6,55,4,43,29,58,37,9,36,20,7,38,39,25,25,9,64,6,31,4,40,42,15,73,52,66,15,60,43,72,28,30,57,48,11,42,54,67,64,20,25:5,9,8,8,9,6,7,7,4,6,10,9,1,10,10,4,9,4,3,2,6,5,5,8,8,10,10,5,8,4,3,4,6,8,7,6,3,7,5,3,2,1,9,6,3,6,1,7,5,1,2,7,4,5,5,6,9,8,5,4,2,2,9,1,7,5,8,6,2,1,7,6,3,9,7,1,7,6,3,6,3
7,47,6,24,4,7,4,24,38,11,21,57,49,13,24,71,28,64,29,59,6,7,70,29,60,27,4:6,6,10,5,5,9,5,5,7,6,1,10,10,10,10,2,9,4,5,3,4,9,3,5,4,7,2
70,25,10,12,6,31,46,27,8,43,46,68:1,3,7,9,4,8,8,5,8,7,7,7
38,41,41,43,41,69,65,67,66,44,55,73,24,3,18,41,17,26,13,17,52,54,32,28,30,6,1,69,74,44,68,37,12,11,55,35,22,12,21,39,5,21,41,24,69,50,21,68,14,52,67,67,14,57,52,6,44,61,21,30,33,66,27,48,27,24,59,71,30,38,19,62:2,2,4,2,9,6,7,3,7,4,5,1,4,2,4,1,6,3,2,7,3,3,3,1,3,7,9,9,2,5,1,6,4,8,6,3,6,2,3,9,7,3,4,8,6,9,8,9,9,2,7,1,4,9,2,4,5,1,7,9,8,7,10,3,4,8,6,7,2,2,8,10
63,28,33,52,19,46,33,19,14,21,57,68,68,70,56,38,54,30,10,71,71,61,15,21,30,51,62,5,24,32,25,61,49,58,40,27,11,35,71,27,26,1,17:4,7,7,4,9,5,1,7,8,10,8,2,1,4,7,7,9,9,6,9,5,9,6,1,7,8,2,10,4,5,5,8,2,5,10,2,8,7,10,5,4,10,9
37,74,55,33,14,19,16,20,5,13,33,74,19,43,47,49,68,56,11,37,60,12,26,43,73,13,52,52,17,13,1,27,26,2,36,55,5,52,73,33,8,70,33,5,35,15,29,56,52,62,65,28,7,52,50,39,18,73,21,67,54,56,69,39,48,31,30,49,24,41,4,22,55,61,44,16,2,46:7,4,3,1,3,3,3,5,2,10,1,2,8,10,2,7,1,1,9,3,4,3,10,9,7,7,1,9,10,7,9,1,5,4,8,3,8,8,9,2,7,8,3,1,10,7,4,4,5,4,6,10,9,7,4,3,10,10,8,10,1,3,4,2,9,9,9,5,10,7,7,5,3,8,8,4,3,4
11,68,26,27,52,50,48,18,39,37,26,56,48,37,34:4,3,3,4,4,8,9,7,4,7,9,1,10,5,8
49,45,74,35,27,20,31:5,4,5,7,8,7,2
39,26,27,56,7,28,46,72,71,69,67,64,56,8,67,4,1,31,11,4,11,40,68,59,37,8,18,23,61,72,29,13,38,26,62,47,9,53,52,53,51,5,58,69:5,6,10,7,7,4,5,7,8,3,6,4,8,8,10,6,5,10,5,8,3,2,5,6,1,5,5,9,2,6,8,2,4,6,5,8,10,8,9,9,5,7,3,7
24,40,42,46,66,33,73,52,50,57,20,12,53,44,64,29,57,69,23,72,62,60,44,69,24,27,68,23,5,4,11,26,63,34,4,9,44,73,32,51,28,3,26,8,23,16,64,63,38,36,31,41,52,30,48,72,49,11,60,53,26,3,29,22,5,11,72,56,68,63,9,8,52,20,32,36,39,25,22,31,69,52,47,73,57,22,11,10,38,13,70:7,5,5,8,7,7,6,4,4,9,5,7,8,8,1,2,8,4,3,3,3,1,7,6,3,1,9,3,10,8,9,10,4,3,1,7,1,3,6,10,9,10,3,2,8,3,10,5,10,6,7,2,4,8,8,8,2,8,2,7,9,10,9,4,3,3,6,6,10,8,6,4,9,10,9,2,8,2,9,6,9,2,8,8,8,8,7,7,6,10,8
24,27,17,26,56,49,57,55,51:6,1,3,7,10,7,1,3,3
71,56,64,71,20,2,18,69,72,57,67,36,43,11:9,4,3,7,10,4,10,9,5,9,3,1,8,8
41,15,30,26,8,5,19,59,25,38,58,44,16,1,45,73,60,11,9,26,60,47,5,38,37,16,54,22,25,47,6,51,52,15,48,3,2,47,42,19,31,74,13,36,70,9,15,63:9,1,9,5,7,9,1,8,10,4,6,1,10,4,5,9,6,5,7,9,7,10,6,4,9,4,5,3,8,3,9,5,6,2,7,6,9,8,10,4,5,3,4,7,2,8,8,9
36,6,25,64,59,8,34,58,39,57,33,4,52,21,41,42,72,68,65,4,31,36,41,9,41,22,15,21,3,21,18,63,47,20,67,19,60,52,25,51,40,59,55,31,53,16,64:7,1,10,4,3,1,4,8,8,2,10,3,6,4,5,8,7,5,4,10,7,6,7,1,8,10,1,6,8,6,8,4,3,4,8,9,1,7,10,1,6,2,2,2,6,2,6
40,68,6,67,42,59,18,58,26,54,73,58,36,69,31,8,4,65,51,33,71,45,3,41,26,47,52,33,48,42,7,9,25,22,42,63,45,47,35,9,35,54,66,52,58,21:7,1,10,8,8,7,5,2,3,2,10,6,3,3,5,6,5,4,6,1,2,3,10,1,6,7,7,1,6,5,9,2,1,8,1,5,5,5,9,10,9,9,5,6,6,5
55,9,41,1,57,55,55,1,2,56,15,14,29,28,18,15,26,15,46,38,68,16,11,21,53,65,21,32,8,49,30,68,65,18,7,29,54,46,11,51,68,37,65,23,42,7,28,6,56,66,12,34,39,65,53,25,1,14,43,23,4,21,45,28,27,44,65,42,6:6,6,9,6,9,5,3,2,8,9,7,9,4,10,3,1,9,2,1,7,1,6,8,8,5,2,3,4,1,2,8,2,10,2,6,5,6,7,6,4,8,8,9,1,5,1,3,1,3,10,7,9,10,4,2,4,5,9,4,10,9,5,6,1,2,1,7,7,7
37,22,4,73,51,38,73,22,63,21,4:9,5,9,6,9,8,1,3,8,5,1
4,14,8,73,36,46,21,1,17,57,44,72,20,50,4,43,49,56,30:6,4,8,1,5,1,3,2,1,7,3,8,7,10,9,4,8,4,2
66,63,44,31,24,19,21,50,36,74,52,50,58,14,50,60,46,17,52,18,64,21,59,15,37,37,17,47,53,22,70,33,68,26,65,59,22,55,10,70,31,33,69,50,57,25,33,27,26,55,63,28,40,29,68,31,11,26,38,37,30,50,51,69,2,3,29,47,69,31,40,72,23,45,9,10,1,71,63,14,10,17,41,29,42,22,60:1,6,8,7,10,7,7,3,5,5,2,1,10,4,3,1,1,1,5,8,3,10,8,3,2,6,9,7,6,10,10,9,4,10,6,10,4,8,7,1,6,4,4,3,4,3,8,2,3,7,9,10,10,5,4,4,4,7,10,10,6,1,6,3,8,3,8,2,8,6,2,6,10,1,5,5,5,5,2,5,9,8,7,1,3,2,8
44,31,47,54,49,63,28,51,57,32,15,54,60,74,47,65,9,30,13,68,40,28,11,68,43,32,71,29,38,55,16,34,18,25,40,44,37,71,20,20,69,46,53,63,43,3,68,38,48,13,14,14,18,48,61,8,6,53,46,43,44,53,27,62,3,4,32,56,51,55,3,61,35,3,44,67,32,24,36,74,70,56,2,43,45,5,1,41,43:10,9,7,1,2,1,3,7,10,1,3,1,7,7,2,5,4,7,8,5,5,10,10,8,8,4,10,6,10,4,9,2,8,6,9,8,3,10,6,10,3,7,3,8,6,4,5,3,10,7,4,5,5,10,4,6,5,1,8,5,7,2,5,5,6,8,8,3,1,8,5,8,10,10,8,4,7,3,6,2,1,10,4,1,9,5,6,5,3
16,8,15,14,64,9,32,60,39,43,16,36,26,14,50,12,3,27,10,13,1,64,18,56,8,42,35,46,15,31,58,9,2,17,44,53,2,45,5,47,14,64,42,26,10,25,25,14,74,44,14,24,70,1,19,57,7,43,24,72,21,14,62,43,56,5,42,46,34,53,71,11,48,21:4,7,6,10,9,7,7,9,8,6,6,3,8,2,10,3,2,7,3,3,5,6,2,1,7,7,9,5,10,3,7,6,1,3,8,9,4,3,7,6,8,2,8,3,1,9,8,3,8,9,5,9,7,2,8,1,9,7,2,3,5,6,8,10,4,7,7,3,9,2,8,3,4,7
59,50,74,61,25,60,73,36,1,18,20,38,64,73,60,60,16,58,43:5,5,2,1,9,1,5,6,7,2,7,7,10,3,7,9,1,7,7
33,2,49,32,73,33,24,15,57,2,37,6,12,74,39,63,61,22,11,29,71,31,24,4,68,58,61,52,66,60,47,63,59,27,22,74,26,28,47,57,44,12,45,63,61,73,44,66,34,63,6,29,1,41,40,38,3,42,36,35,65,49,2:5,7,6,5,9,6,5,5,9,9,10,7,10,8,1,3,8,6,7,8,5,1,1,3,3,8,3,6,10,10,9,4,5,8,9,1,2,2,1,3,4,6,3,1,1,5,5,7,7,6,5,4,6,2,9,10,3,4,10,8,5,4,4
47,51,59,67,70,31,50,74,8,63,6,64,51,37,60,36,38,56,10,28,6,61,39,37,3,18,3,44,50,44,56,22,31,19,34,3,17,47,71,14,15,63,21,66,59,15,71,5,73,43,68,54,25,42,58,18,67,55,68,5,11,3,42,74,45,63,72,70,14,71,29,2,11,49,41,39,38,12,38,72,53,6,16,40,14:5,8,5,2,6,3,2,3,9,5,10,8,2,5,8,8,8,1,2,1,6,4,8,1,3,7,8,8,5,9,9,1,7,5,4,3,1,5,10,7,6,6,1,9,4,7,10,5,8,8,1,4,7,6,4,7,9,1,2,1,6,10,5,5,4,4,8,1,6,10,3,7,10,5,5,6,10,8,1,3,6,10,3,10,5
5,16,6,5,39,40,18,70,5,67,13,20,50,5,52,10,47,55,36,45,30,42,36,71,58,25,24,71,45,57,51,58,48,73,54,5,55,73,59,47,31,15,37,12,57,5,16,41,41,58,65,10,26,59,8,58,69,38,19,13,27,43,72,67,24,70,54,71,37,49,52:4,8,10,7,2,3,3,7,9,4,5,1,5,3,6,5,2,5,2,5,10,10,4,10,6,8,4,8,8,6,9,4,5,5,3,2,4,5,3,4,7,2,3,8,7,8,7,9,8,6,9,6,2,3,6,5,10,1,7,8,2,1,4,4,1,8,5,5,6,2,1
9,63,4,32,64,47,49,44,74,38,15,6,72,62,72,11,20,57,18,68,34,72,42,42,65,40,54,38,29,4,29,8,7,22,19,51,32,39,53,3,21,54,68,55,59,16,7,71,64,13,31,31,31,64,47,19,30,58,16,11,51,37,71,32,1,17,2,27,34,31,73,46,54,45,55,58,41,37,36,4,20,44,42,39,13,67,74,12,24,47,59,65,68:1,4,3,1,9,1,6,4,8,8,5,5,8,6,7,9,4,7,6,6,3,1,1,5,3,2,4,3,10,4,1,7,10,9,10,7,2,6,7,7,1,4,1,4,10,1,1,3,10,6,1,8,4,3,2,7,4,10,3,8,3,9,6,7,5,2,10,3,9,8,8,2,5,3,7,8,6,8,10,8,5,9,1,4,1,5,4,9,6,3,7,7,5
24,72,42,63,5,27,20,63,54,51,46,19,60,33,36,71,55,5,72,50,17,10,66,7,4,35,54,22,58,59,56,36,37,45,70,7,38,59,45,42,7,52,16,9,20,34,24,63,48,18,37,62,54,51,51,53,38,13,61,60,39,14,9,44,58,4,44,64,32,30,58,54,47,24,8,68,48,43,12,24,5,50,54,18:4,3,4,8,8,4,2,10,4,3,5,7,7,3,2,10,6,8,9,9,1,10,7,3,8,2,2,10,4,7,3,4,10,4,6,10,6,7,3,7,9,8,9,5,3,10,5,5,9,7,7,1,6,8,7,10,10,5,6,6,5,3,4,6,10,3,2,5,4,1,9,8,2,9,3,2,7,8,8,1,9,3,8,4
36,61,72,4,60,54,60,23,13,24,5,12,17,11,26,22,21,54,9,14,19,23,2,31,24,33,24,15,4,52,73,25,30,61,9,15,65,48,10,59,27,9,65,58,41,20,24,8,33,38:9,3,1,6,4,9,2,4,2,10,1,3,4,10,6,3,4,10,9,7,1,4,7,4,2,10,6,6,4,3,6,3,2,8,6,10,5,4,7,3,5,3,5,3,6,6,1,8,7,10
16,37,13,41,42,52,24,74,63,39,47,69,45,12,1,6,70,52,33,61,63,42,65,35:5,5,5,8,6,10,5,7,1,6,4,10,7,9,1,5,6,1,10,9,10,5,4,4
60,71,22,67,16,64,11,7,21,28,29,71,45,69,64,4,3,44,58,25,9,22,39,35,33,26,19,43,58,33,65,15,45,8,49,62,60,1,61,30,71,22,42,67:6,10,9,6,9,8,8,9,6,6,1,7,9,8,8,5,2,4,8,5,9,6,10,10,7,9,6,6,7,4,1,7,1,7,5,5,8,9,1,1,2,3,9,8
39,40,40,12,1,62,64,4,36,43,51,59,55,46,44,59,26,37,42,27,7,28,33,62,45,35,15,22,61,60,48,4,69,67,66,72,54,3,37,3,11,35,51,66,2,44,50,55,45,49,59,49,10,43,33,39,30,20,13,62,49,70,20,40,49,58,60,68,69:1,6,4,6,7,2,9,4,2,8,7,6,2,3,3,2,3,4,10,10,3,6,6,7,9,3,6,1,3,10,1,6,1,4,8,1,5,3,10,9,5,9,1,7,1,4,7,9,2,8,1,7,2,7,7,8,2,1,6,8,2,5,10,1,1,3,1,10,6
58,34,48,21,30,59,31,71,73,60,47,30,13,56,47,31,40,19,32,30,29,35,23,73,2,72,44,1,65,70,34,1,14,61,2,69,3,34,40,21,62,1,10,20,24,41,1,27,21,14,25,18,22,35,60,37,74,41,58,20,36,46,28,10,73,67,56,7,24,25,67,2,1,26,68,18,46:7,9,10,1,5,9,3,3,3,4,1,6,2,5,9,2,8,3,6,3,5,3,1,2,4,7,3,10,3,1,6,5,2,5,1,2,6,5,1,3,7,3,6,9,1,10,5,1,8,2,1,1,4,4,1,1,7,10,3,7,3,8,2,5,1,2,7,5,2,5,9,4,7,7,3,1,8
23,36,34,68,24,56,40,19,45,74,61,60,74,26,10,8,4,72,17,4,1,34,27,18,12,66,63,63,20,74,4,12,34,36,5,66,5,59,12,15,9,30,40,18,65,31,50,68,65,41,26,41,38,61,42,47,74,66,18,8,33,40,2,15,72,46,18,50,18,42,45,28,39,70,23,34,13,73:6,2,10,7,7,8,7,4,6,2,4,2,9,1,7,5,4,5,8,1,9,10,7,8,5,4,5,6,1,9,2,8,9,7,9,8,9,6,1,6,8,2,10,8,10,1,6,2,8,7,7,8,4,9,1,7,2,10,8,4,4,5,10,6,1,4,9,5,5,6,5,8,4,8,5,8,9,5
44,13,40,72,4,15,29,26,3,26,36,29,18,59,16,1,48,70,55,62,17,67,61,20,52,23,39,20,47,73,17,61,62,10,38,60,20,14,23,45,24,50,72,45,36,29,1,44,39,74,28,9,38,15,74,56,72,59,51,54,29,25,23,42,25,73,28,33,16,59,65,5,64,54,29,39,24,13,41,39,22,73,44,18,50,1,55,52,12,67,4,20,73,37,60,17,4,67:4,2,3,2,6,10,3,6,7,4,5,10,8,7,9,2,1,6,1,5,6,7,1,5,8,2,10,3,6,2,5,1,8,5,3,3,5,5,9,9,8,9,2,9,1,2,5,2,5,6,6,8,7,5,5,4,10,1,5,5,8,5,8,10,6,4,2,5,8,9,4,10,6,9,3,8,3,6,7,2,6,9,2,9,7,4,2,8,2,7,10,8,8,8,5,5,10,8
58,7,9,44,52,8,22,17,20,9,68,49,7,9,63,42,44,59,36,38,21,6,42,1,9,9,51,3,56,74,41,48,49,61,31,20,9,42:5,6,4,5,6,8,4,10,2,1,10,9,7,9,2,10,7,10,4,5,9,1,4,4,8,5,4,5,3,1,10,5,4,5,2,9,1,10
41,24,45,74,52,73,70,71,63,55,27,40,38,29,60,42,52,29,74,4,55,7,56,31,21,34,34,60,67,17,44,11,19,31,62,51,29,34,43,69,56,5,23,35,14,26,5,16,19,67,34,61,41,17,50,27,3,56,27,57,16,37,66,32,73,52,47,2,5,68,58,70,6,65,68,5,5,48,4,17,26,4,17,8,38,21,50,11,49:7,10,6,2,7,6,1,2,2,4,8,2,4,7,8,4,2,8,1,8,3,1,1,7,8,10,4,1,9,9,5,6,6,8,3,2,9,2,9,4,5,8,5,1,8,1,7,2,9,2,8,3,10,7,5,2,1,10,10,7,2,4,1,8,6,10,6,6,2,8,3,1,1,8,6,8,5,3,7,2,6,6,1,5,3,3,2,6,7
32,67,21,61,42,31,16,15,23,49,47,55,15,19,27,31,17,22,3,33,57,20,18,30,53,16,19,50,29,23,31,61,46,72,24,68,69,10,71,17,13,48,62,43,51,39,49,38,66,73,56,31,45,38,18,16,54,22,31,31,62,29,5,34,30,18,15,30,21,10,8,24,29,31,40,71,72,50,64,49,2,4,39,48,55,62,51,23,56,43,37,5,50:9,2,2,3,6,3,2,1,10,6,1,8,4,4,4,10,6,2,7,1,1,6,8,2,8,3,6,5,2,10,8,3,7,2,9,5,3,7,7,3,2,4,2,4,2,8,4,1,2,6,9,4,4,4,2,2,9,3,5,9,5,7,5,7,6,5,8,2,8,8,6,4,10,4,7,5,1,5,5,6,4,4,6,2,4,4,8,1,2,4,5,1,9
74,71,35,45,48,43,43,4,42,31,71,10,51,11,29,54,54,18,56,58,13,50,55,34,57,38,18,31,56,30,11,35,7,13,34,61,16,46,2,67,8,4,32,14,54,52,33,6,73,10,40,7,71,41,17,12:5,6,8,9,1,9,7,2,2,2,6,10,6,4,9,7,7,6,4,4,8,4,4,8,4,7,8,9,2,1,5,7,3,10,1,4,9,9,10,2,6,6,6,5,2,8,3,2,2,5,3,10,4,2,8,4
56,67,6,18,47,13,39,73,48,40,51,65,14,44,45,30,3,18,32,38,27,67,9,62,39,13,10,72,58,4,28,32,42,33,24,59,6,7,18,4,71,13:4,3,4,2,7,7,4,6,10,2,1,9,3,9,5,2,5,9,10,9,4,7,4,7,3,4,2,1,3,8,3,2,6,9,4,9,4,2,3,1,2,2
41,7,50,27,49,59,35,41,57,30,39,71,37,26,73,57,47,56,2:3,7,10,7,1,5,6,7,8,2,8,1,9,9,7,2,4,6,1
37:10
12,25,58,63,60,37,40,21,69,49,38,27,48,30,9,45,48,27,64,39,28,15,44,73,10,35,67,71,20,2,63,59,63:4,9,6,10,2,7,5,9,2,8,5,10,7,5,3,8,8,2,5,10,4,3,3,2,6,8,1,6,7,9,3,7,7
17,21,39,38,60,59,39,13,73,15,71,13,52,5,59,23,47,31,23,68,13,66,34,11,12,16,8,27,67,28,19,9,22,36,31,11,56,73,23,19,6,20,33,20,55,28,56:4,2,1,7,10,1,2,4,3,7,4,7,7,4,9,9,4,2,7,3,1,5,4,1,8,10,8,2,4,6,6,8,7,10,2,5,2,2,3,10,5,4,10,1,10,9,6
20,28,25,64,22,14,74,69,28,25,53,40,68,72,20:4,9,5,8,1,3,3,5,10,5,6,6,5,8,2
57,60,43,72,68,27,33,61,23,27,47,30,23,45,6,21,45,21,53,71,3,6,51,2,59,73,69,66,42,21,73,41,57,17,13,35,28,23,35,8:6,10,3,4,5,9,1,7,8,2,9,7,3,8,5,10,10,10,7,4,4,3,6,10,5,8,6,9,5,7,3,8,3,8,3,2,6,10,5,1
62,68:4,3
18,34,33,13,61,51,64,21,58,3,11,30,25,4,48,54,72,45,1,16,65,52,45,36,6,23,63,17,39,16,21,50,63,34,47,6,69:5,7,9,7,4,1,2,4,4,10,9,2,1,6,4,6,3,8,10,7,1,6,8,5,6,3,10,8,1,5,1,2,8,4,3,3,5
8,69,71,24,60,57,7,63,22,23,63,53,47,20,45,21,17,22,67,56,19,32,32,46,7,23,49,16,25,10,45,23,24,23,29,71,50,70,62,74,65,72,12,44,38,37,55,21,65,74,37,4,4,64,74,8,1,30,20,9,15,34,33,15,61,26,44,31,41,4,13,68,60,55,15,40,20,52:8,1,9,1,8,4,3,9,9,2,2,6,8,4,6,4,4,4,6,2,3,3,4,2,6,7,10,10,3,9,1,1,1,7,4,4,6,5,6,8,4,1,9,10,1,2,3,9,5,5,10,6,8,8,9,3,8,7,8,7,9,4,3,7,6,8,10,8,2,10,4,5,9,4,2,5,5,9
12,34,42,18,53,11,38,30,10,13,29,59,61,71,28,35,43,40,54,65,18,63,52,73,36,34,60,20,16,63,16,73,11,23,25,72,10,9,69,24,12,63,73,29,44,67,40,68,28,28,6,13,29,69,32,68,52:6,5,4,2,5,10,5,2,7,9,4,9,3,2,8,2,1,9,2,3,5,3,6,5,5,2,5,5,8,6,7,10,8,7,8,5,4,9,5,10,9,7,1,5,8,3,10,1,2,3,4,2,2,10,1,7,2
1,31,57,5,1,67,38,36,11,11,5,19,61,67,60,30,57,47,30,65,10,8,25,66,14,2,48,7,44,14,66,26,54,43,44,50,32,52,59,74,7,50,59,51,69,25,23,22,28,29,35,64,23,62,61,5:7,8,9,4,1,2,2,6,2,3,3,7,2,1,7,3,8,10,6,8,9,7,1,5,3,10,10,7,5,5,2,5,1,4,8,2,8,10,1,5,4,3,2,10,7,7,10,10,4,3,2,10,9,8,3,4
45,20,51,26,33,52,28,3,48,6,10,5,53,39,15,74,72,60,29,15,7,15,25,9,60,71,61,24,55,71,3,4,15,47,11,73,9,48,17,3,74,7,5,31,20,26,52,21,68,10,65,25,11,21,70,32,67,45,50,9,71,36,13,13,68,41,29,57,39,38,25,29,26,54,30,39,64,10,17,23:5,10,1,6,10,3,6,4,7,3,5,10,1,7,7,3,9,3,5,5,2,9,8,3,5,7,4,9,1,2,5,4,6,3,4,2,4,4,4,4,2,2,7,5,10,8,2,2,8,7,1,5,2,5,2,7,5,3,1,4,9,1,9,6,1,6,6,9,1,10,10,7,3,10,8,8,9,10,2,10
10,52,57,15,73,39,15,24,24,66,8,65,45,53,71,20,35,47,29,3,39,7,41,2,31,2:7,10,5,2,6,9,9,10,10,2,9,6,3,4,3,2,1,1,7,6,4,5,3,6,8,1
56,62,19,38,69,6,26,46,52,46,46,38,24,19,6,54,65,63,2,57,47,58,40,28,66,68,58,67,66,5,10,25,64,41,64,55,59,12,17,64,46,74,64,56,11,57,73,9,38,66,19,67,53,41,6,33,16,71,39,13,21,44,8,11,49,49,47,55,59,66,25,31,67,66,65,11,8,62,25,61,37,61,7,17,9,67,47,59,57,73,20,44,42,58,25,65,51,42:4,7,7,9,5,7,1,6,5,8,2,1,3,5,7,1,5,10,3,4,4,4,7,5,9,2,1,3,2,8,2,4,7,8,3,10,5,3,10,6,7,10,6,4,10,9,3,10,3,5,3,7,2,6,3,10,3,6,1,5,8,4,6,6,2,3,8,1,8,10,10,6,1,4,8,7,1,1,9,2,2,9,6,9,2,6,4,2,8,4,5,1,6,2,8,5,6,5
74,1,65,46,31,51,37,35,39,45,8,72,37,59,48,23,68,36,15,54,72,66,61,39,34,26,6,26,36,49,31,72,22,5,66,68,66,11,56,74,7,55,54,56,41,36,40,36,37,31,11,40,3,15,38,13,47,17,39,45,11,37:4,10,7,10,8,3,6,8,3,4,10,2,4,5,2,5,1,8,4,9,5,9,2,6,9,10,2,10,3,2,5,3,9,5,4,3,5,2,3,4,2,1,10,4,1,3,4,3,3,4,5,2,3,3,7,8,6,5,1,6,5,6
52,58,25,73,10,34,43,38,11,60,43,36,51,63,37,31,66,33,38,61:4,10,6,4,5,1,3,8,2,10,5,7,5,4,1,6,4,6,2,9
41,31,20,43,71,74,36,72,20,30,52,52,24,59,37,59,59,55,20,37,44,73,33,30,11,44,54,35,16,5,59,28,5,50,17,10,72,61,23,15,69,28,58,22,21,38,12,58,15,4,42,19,50,21,7,58,1,22,52,2,73,10,28,27,46,60,43,34,5,2,19:8,8,10,6,8,8,6,5,3,9,2,3,1,8,7,1,8,4,6,3,1,6,4,10,10,2,4,2,3,1,8,3,8,2,7,4,9,1,6,3,7,9,2,8,7,9,4,2,7,5,1,7,2,2,3,6,6,1,5,6,1,7,3,7,8,10,4,7,10,4,8
30,66,71,33,30,5,10,13,58,49,5,74,16,4,24,32,71,8,43,8,45,18,18,36,9,25,43,61,23,45,29,46,47,70,55,34,23,54,65,65,3,16,40,31,2,6,68,12,52,40:1,10,8,10,10,10,6,5,5,1,8,3,3,10,8,9,8,7,10,1,1,6,10,8,1,2,2,5,7,3,6,10,8,4,7,8,10,9,4,8,3,3,10,7,4,4,10,5,10,8
24,14,38:4,9,10
71,10,68,57,37,28,58,60,62,23,31,11,23,14,12,70,18,9,35,7,26,40,66,71,41,58,43,60,19,52,68,34,26,15,17,17,32,22,37,4,9,67,67,55,71,48:4,9,6,4,4,9,3,7,8,2,5,8,10,6,6,3,6,7,10,2,9,7,5,4,3,3,5,3,7,10,7,3,6,8,5,1,8,2,4,10,2,6,3,6,3,2
59,49,57,24,8,58,25,30,24,10,72,1,19,32,47,46,49,64,25,3,54,12,52,14,72,5,40,70,68,51,67,58,32,5,43,34,2,73,74,4,73,28,64,40,57,41:2,5,7,4,6,7,8,4,3,9,7,9,5,5,5,10,7,1,6,4,7,9,2,8,3,4,10,9,3,2,5,10,9,8,1,1,10,5,5,4,1,10,2,8,1,4
54,46,34,24,35,23,26,16,73,14,62,34,67,27,33,54,61,23,19,24,48,70,26,30,7,16,3:8,8,5,6,10,5,6,1,9,3,10,3,2,4,6,7,2,2,8,5,5,10,2,10,6,3,3
56,37,30,33,21,17,46,49,45,13,72,25,52,12,44,1,22,32,59,33,22,72,49,60,36,13,29,46,37,40,23,12,35,68,25,37,36,59,44,7,50,60,60,40,29,17,31:8,8,2,4,9,5,1,8,3,4,3,2,4,3,2,6,5,10,2,9,9,7,2,10,4,5,1,2,10,2,4,1,6,7,5,2,4,5,3,6,10,10,3,5,10,6,10
49,49,43,52,72,8,24,32,41,52,11,20,28,54,44,32,4,2,6,59,62,60,43,12,5,74,4,17,73,67,55,73,48,21:2,1,10,7,9,4,10,7,5,7,5,5,2,9,5,4,10,5,7,10,9,10,3,7,3,7,6,5,10,5,6,1,3,10
42,54,58,6,73,32,35,32,71,64,37,43,70,56,52,12,70,62,39,34,62,67,6,72,27,63,5,29,19,9,53,52,32,49,74,31:7,8,4,2,9,7,3,3,5,3,3,6,1,9,9,7,5,6,5,2,2,9,10,10,1,1,5,4,7,9,2,3,3,7,9,8
68,41,72,48,14,36,30,61,44,11,9,2,46,17,57,27,59,65,34,7,51,64,49,37,41,19,41,39,13,57,11,13,32:8,3,5,3,4,7,4,2,1,8,1,7,3,8,6,5,10,4,2,5,10,1,1,2,5,4,8,9,10,5,8,10,1
27,39,47,27,62,10,66,1,8,11,38,22,19,27,9,35,62,49,72,69,19,48,18,2,52,16,30,43,13,24,19,52,25,3,46,5,33,38,44:3,1,4,10,5,3,3,4,4,10,3,9,8,6,9,9,2,6,3,4,6,10,8,7,2,10,10,10,1,1,5,10,5,3,4,3,9,3,2
70,60,66,56,47,33,26,5,40,28,59,5,53,38,71:5,8,9,5,4,6,9,7,4,7,2,9,9,8,8
29,58,63,1,44,15,68,63,29,48,71,48,41,23,31,19,34,15,42,56,68,19,60,15,71,56,48,6,40,36,51:4,9,7,4,9,6,1,7,6,8,9,5,7,8,8,10,10,7,1,1,3,10,3,10,3,6,4,4,10,3,4
73,39,55,11,35,47,66,29,5,13,5,16,25,41,11,63,60,32,32,11,9,4,54,18,16,45:7,4,7,2,7,9,10,2,5,1,5,6,5,2,2,9,5,9,10,9,4,9,9,2,9,1
27,13,41,24,31,59,9,57,73,45,16,38,58,69,18,21,19,27,2,49,3,36,43,64,7,64,37,45,18,30,59,4,41,52,58,37,37,35,47,40,47,58,58,69,26,37,18,52,63,43,23,72,41,74,49,26,44:7,10,9,2,1,4,2,7,6,3,3,3,3,2,3,6,4,10,4,9,9,10,9,6,4,2,3,3,5,1,7,1,2,9,4,3,8,7,7,2,9,1,5,10,7,3,8,10,3,8,4,3,4,5,8,7,1
63,56,41,74,54,58,49,6,12,7,70,71,4,32,62,2,22,27,65,39,50,16,35,68,41:2,7,7,1,6,7,6,5,2,6,3,1,7,2,3,10,5,10,1,9,2,4,1,4,2
41,12,8,53,51,48,67,72,51,25,35,14,73,59,2,40,4,53,43,70,30,68,30,59,18,45,68,25,56,38,29,72,59,20,49,44,65,28,40,73,65,33,11,61,35,55,9,64,7,12,26,40,55,17,53,62,71,66,69,70,63,27,20,34,39,34,35,71,73,31,41:1,10,10,9,1,9,8,9,7,2,6,2,3,6,1,8,6,4,4,3,8,7,9,9,2,9,8,10,8,3,2,3,2,5,8,1,9,7,6,5,1,6,9,1,5,3,5,6,7,10,2,9,2,8,1,9,1,4,1,2,3,8,6,6,7,1,1,5,7,4,6
22,67,64,22,16,58,58,31,57,17,52,38,55,45,67,71,40,26,69,65,55,70,43,27,48,6,33,50,28,52,34,66,36,15,70,17,8,12,43,40,25,46,40,2,69,21,27,8,42,28,48,70,26,35,21,72,40,37,13,22,12,23,16,23,29,55,8,52,39,40,57,31,14,32,62,14,3,21,12,22,71,59,28,38,8,22,48,63,69,53,70,17,47,57,49,36,40,58,62:3,4,2,10,2,5,8,1,7,10,10,6,9,7,9,9,1,3,9,6,10,8,5,9,2,2,10,7,10,4,9,8,4,1,9,5,9,7,9,1,10,7,3,9,5,7,9,2,6,9,1,5,10,2,10,1,4,2,7,1,3,4,3,2,1,2,8,8,2,4,1,9,2,8,4,3,3,7,5,9,4,8,1,1,9,2,9,8,3,8,1,3,10,4,9,9,1,4,2
24,63,37,67,72,4,7,35,20,70,32,9,27,3,38,56,70,12,46:4,5,9,2,5,3,5,4,3,9,8,1,1,1,6,3,5,5,6
51,72,20,16,73,59,27,28,3,48,67,54,30,35,14,12,45,4,28,3,69,70:8,3,2,10,4,5,7,4,5,2,1,7,4,6,4,7,3,7,2,4,8,1
62,12,17,31,52,65,59,52,51,25,21,46,48,51,41,26,56,49,14,61,56,20,40,60,54,56,16,10,3,11,21,11,18,39,18,36,34,47,6,13,56,17,11,21,7,20,36,55,5,32,38,20,72,16,27,7,57,8,32,6,25,43,66,66,61,44,35,42,54,35,12,55,73,55,19,1,12,13,39,12,26,10,36,18,67,46,68,48:4,8,5,10,9,5,6,3,5,1,10,2,4,10,2,8,7,10,8,9,5,10,8,10,10,10,8,4,7,1,1,4,6,7,2,2,9,10,10,8,5,8,9,7,5,1,3,2,8,8,9,2,9,6,2,10,1,9,10,4,4,8,2,6,2,8,3,10,9,2,1,8,4,9,7,6,2,10,4,5,6,3,4,5,2,7,4,8
56,14,54,68,24,43,32,4,45,3,70,13,16,18,9,16,28,12,60,60,42,57,49,9,45,57,26,63,56,33,18,14,39,65,36,28,44,56,33,57,5,24,50,40,45,8,6,15,53,23,5,19,3,65,35,29,56,57,39,6,3,56,8,2,27:5,3,7,1,5,1,10,3,4,8,7,6,2,3,5,7,7,1,1,2,6,9,2,10,9,5,10,7,8,3,4,6,6,2,9,2,3,8,2,6,2,7,8,8,8,5,7,8,1,2,7,7,3,10,1,3,4,3,6,4,6,4,9,9,4
39,66,34,26,51,41,40,61,47,13,32,27,32,48,46,47,23,54,10,45,16,29,22,48,54,3,33,68,14,36,53,72,24,27,5,64,37,64,18,56,58,63,31,41,66,67,31,38,36,57,11,17,47,58,59,42,4,13,41,33,51,29,63,70,13,31,8,67,37:2,4,3,5,6,3,5,6,5,4,10,2,8,3,3,1,10,9,3,2,5,7,4,2,10,8,6,10,7,8,9,7,5,7,4,2,6,1,2,1,1,4,9,2,6,8,6,4,9,3,9,7,8,7,10,10,9,2,2,1,8,3,3,3,10,9,6,8,3
25,6,25,65,30,73,72,23,48,11,70,58,13,54,71,23,73,51:8,9,6,3,2,6,4,2,10,9,10,7,2,5,6,6,7,4
73,39,69,71,40,29,62,60,58,54,46,46,55:5,3,4,6,4,9,10,5,8,4,4,2,4
19,66,5,14,30,64,58,40,9,12,10,46,26,55,71,74,73,45,6,9,39,28,57,23,48,40,52,30,10,42,62:3,7,10,7,2,5,5,10,9,6,1,5,9,4,8,2,8,6,10,2,3,8,7,10,6,7,10,4,10,3,10
16:1
45,66,66,74,8,42,54,45,40,70,13,8,51,39,37,2,5,32,49,12:9,10,5,1,9,10,7,3,10,9,6,9,5,6,6,3,4,4,9,2
66,58,5,14,74,13,25,37,30,65,50,58,21,19,70,72,53,73,55,52,66,36,24,64,36,60,12,14,23,59,28,15,44,20,42,72,13,36:8,2,8,10,9,5,4,1,4,3,5,4,8,7,10,6,2,6,8,2,10,10,1,7,2,4,9,10,7,8,9,10,2,2,2,2,6,4
31,66,33,5,65,49,39,68,64,24,67,56,66,49,14,47,39,8,18,73,58,21,23,5,24,44,16,67,54,16,46,55,53,27,21,52,23,12,30,26,72,14,22,42,49,54,50,44,52,8,28,9,14,36,70,17,5,34,49,40,23,48,69,69,14,53,58,48,9,42,45,37,69,66,17,68,27,24,2,5,29,43,11,48,70,52,58,14,56,31,19:10,4,7,1,7,3,5,9,8,8,10,1,9,6,2,8,10,1,9,7,10,8,1,5,3,6,9,4,10,6,5,3,2,1,4,10,5,5,10,9,1,5,5,7,1,6,1,4,7,9,5,5,1,10,3,10,1,8,7,3,7,10,8,7,10,7,1,5,6,5,6,9,4,9,10,4,2,5,3,3,9,6,1,2,1,1,9,8,1,6,8
14,16,3,53,4,64,56,73,71,50,21,36,39,17,70,28,73,20,27,31,45,53,32,14,39,11,74,61,39,5,57,37,20,72,53,39,32,50,59,56,30,57,36,16,36,20,21,5,39,62,19,71,56,54,35,27,54,37,11,8,45,60,15,16,9,22,39,23,10,74,22,41,41,63,32,73:2,10,10,4,7,4,10,10,2,9,1,10,5,4,4,9,5,4,6,6,1,1,6,9,5,5,10,3,6,8,8,1,4,3,3,9,4,7,10,10,3,2,2,6,4,1,4,10,6,9,7,10,8,3,4,3,8,10,1,3,4,1,7,6,10,10,4,9,9,7,6,4,5,7,5,6
5,21,45,69,59,46,34,38,40,55,17,45,23,64,2,38,57,27,6,38,72,59,39,39,1,27,55,18,12,27,5,19,11,8,63,68,43,3,63,61,7,71,13,58,72,26,11,11,22,52,52,63,44,29,9:6,4,9,2,5,2,2,7,5,9,4,5,4,7,10,7,10,9,4,7,2,1,3,6,6,8,4,8,10,8,4,6,10,6,1,1,9,9,5,5,5,3,7,8,5,1,5,4,4,3,9,6,8,2,5
11,11,66,68,49,31,5,27,48,10,12:1,4,7,1,1,1,5,5,8,9,3
71,41,25,30,48,72:6,2,6,1,2,4
3,3,30,33,73,49,63,55,63,10,31,13,15,72,47,48,11,11,62,16,33,42,7,52,6,3,12,7,73,23,74,31,3,49,55,17,6,2,42,55,41,38,55,57,28,73,53,24,46,33,2,66,15,58:1,10,7,5,7,7,1,5,3,6,8,2,5,9,6,9,1,6,6,8,6,6,10,10,3,4,4,7,3,9,3,7,2,9,4,3,2,9,4,4,4,5,9,7,2,5,1,6,5,8,7,9,5,3
56,28,8,66,56,27,18,12,26,25,24,40,11,5,64,5,26,42,74,41,28,61,69,54,53,74,56,28,53,56,69,40,32,36,70,57,26,34,21,68,5,3,9,38,52,2,13,49,4,64,70,57,63,33,9,58,39,14,9,43,28,38,22,16:3,8,7,9,1,4,2,6,2,7,2,9,6,8,2,4,7,4,1,1,6,8,1,5,8,1,10,4,9,5,2,6,1,5,6,5,7,8,3,4,6,4,3,9,5,3,7,8,8,1,2,8,4,4,3,7,4,5,2,7,9,4,1,2
39,28,40,12,34,71,43,67,42,44,49,12:1,9,2,1,3,9,6,6,5,3,4,3
54,1,44,21,72,42,9,29,54,26,41,47,19,53,13:4,9,1,3,9,4,4,5,1,3,8,2,4,8,2
67,49,24,16,27,50,57,56,66,28,64,69,13,35,60,58,11,70,69,4,14,19,11,31,9,12,61,67,4,57,36,67,42,41,57,56,67,10,46,61,29,50,69,62,52,19,1,27,40,8,22,13,13,20,39,53,32,10,23,68,44,45,60,9,56,33,34,21,60,3,46,22,39,52,37,30,72,24,32,74,5,5,35,22:6,1,1,7,1,2,3,7,10,2,8,9,6,6,6,4,5,7,3,1,9,5,3,2,9,1,2,5,7,8,6,5,6,3,4,4,6,6,3,9,1,2,4,4,1,7,5,5,10,9,5,1,8,6,3,1,3,10,6,2,6,7,6,4,3,7,5,2,7,3,4,1,7,2,5,8,8,3,9,8,10,8,6,4
41,46,56,41,58,13,44,33,62,49,16,1,33,31,60,63,61,17,72,47,28,18,43,42,39,11,32,32,3,46,60,48,57,53,42,50,61,18,11,40,70,19,24,31,35,26,15,48,44,22,47:2,5,4,5,4,3,1,8,9,9,6,7,4,4,6,9,4,5,2,6,1,7,10,6,2,8,9,7,5,6,10,7,6,6,8,5,3,4,10,3,1,4,8,1,2,2,10,10,3,4,3
52,55,2,60,9,62,20,19,20,7,21,64,37,27,57,2,69,43,42,47,51,15,47,10,74,44,69,6,61,22,19,22,60,59,64,14,50,20,22:7,5,10,3,2,5,2,6,4,4,2,6,4,10,7,1,1,8,8,7,9,4,3,3,2,6,9,7,9,9,5,5,1,2,4,9,3,9,3
53,32,66,38:2,3,10,8
61,59,71,52,4,71,7,74,60,5,8,42,30,14,4,13,24,35,2,36,73,61,42,62,72,46,38,63,27,46,56,59,54,7,12,17,59,73,12,62,40,23,18,63,26,68,57,58,34,68,32,43,64,2,61,69,61,61,37,50,53,42,51,17,2,56,28,56,1,62,11,12,51:3,6,2,6,6,8,2,7,7,6,10,3,9,5,1,5,9,9,3,7,1,3,6,3,7,3,9,10,7,10,4,7,6,8,5,9,6,5,1,3,1,10,7,7,3,1,2,7,1,2,8,7,7,3,10,8,7,4,4,7,10,7,9,10,6,9,2,5,6,10,6,4,5
2,67,44,26,49,73,65,11,4,53,40,28,5,6,23,21,61,18,10,61,56,71,34,1,5,50,47,60,9,26,17,7,51,28,61,15,48,67,6,68,8,54,33,2,73,13,40,42,9,8,6,11,50,57,36,71,50,70,1,15,6,19,69,52,47,73,72,17,61,1,15,18,11,72,54,50,60,49,21,2,22,14,18,9,39,52,65,47,72,10,70,39,56,17:5,7,1,10,5,7,7,4,7,6,2,7,4,7,3,10,8,8,4,1,8,4,4,5,7,1,10,6,10,5,2,2,7,10,1,8,10,8,3,1,2,7,10,3,3,7,10,9,9,3,1,7,6,7,3,9,1,10,1,3,8,8,6,8,2,1,8,10,3,4,5,3,4,9,2,1,6,9,10,1,5,5,10,1,5,8,1,4,1,3,3,9,5,2
35,30,45,49,39,13,62,28,70,36,17,58,65,49,6,37,25,21,8,19,43,69,35,19,2,47,20,37,8,31,64,40,34,12,27,66,32,53,36,10,39,67,28,37,15,57,28,38,51,70,2,69,7,48,73,71,67,46,19,11,11,29,72,17,59,35:5,3,3,2,5,6,8,3,4,9,5,9,6,2,1,6,4,8,9,2,3,8,3,8,5,1,9,9,7,4,6,10,6,5,2,6,4,2,6,4,6,10,4,5,4,10,8,8,7,2,9,2,6,1,1,10,6,10,1,2,6,8,3,8,3,4
28,15,1,44,52,72,49,26,9,5,27,74,24,40,53,15,54,58,71,66,42,55,72,25,47,12,42,48,50,33,69,22,70,55,73,41,57,60,42,19,16,45,14,43,21,28,56,6,64,38,32,43:9,4,4,4,8,7,5,7,4,1,1,1,3,9,3,6,8,2,7,6,5,9,1,10,6,2,4,3,2,4,10,9,4,7,7,6,8,6,10,4,2,10,8,2,10,7,1,2,2,6,1,7
40,49,38,64,32,57,18,52,70,7,47,30,16,43,54,30,47,35,23,44,2,45,11,66,32,50,34,28,41,50,56,67,23,53,29,41,43,44,12,17,41,53,57,35,42,48,53,6,32,40,27,21,55,67,20,15,49,72,9,52:8,10,8,8,10,2,5,9,4,10,8,4,6,3,5,4,4,9,9,8,8,10,5,10,5,10,2,10,2,4,7,7,3,7,1,1,5,5,1,1,3,9,6,2,10,6,8,10,1,3,10,3,4,5,10,8,5,8,1,6
10,59,8,56,68,66,34,20,41,63,55,50,42,60,21,58,15,57,56,37,56,30,11,58,64,67,29,57,5,37,46,42,12,48,74,1,66,66,59,30,23,11,2,23,41,74,72,18,61,53,41,66,10,12,56,12,32,12,70,56,30,4,1,69,16,16,16,26,62,58,28,4,68,24,50,61,47,12,54,22,71,71,32,34,64:1,4,1,1,6,5,1,3,1,5,7,9,3,9,2,9,3,1,6,7,6,6,1,3,1,4,4,4,3,7,10,10,10,3,6,6,6,9,6,1,3,4,10,9,6,8,7,6,10,5,4,4,3,5,6,5,8,8,10,8,10,8,5,2,1,5,6,1,1,8,2,5,5,1,4,1,5,2,4,6,1,9,3,3,3
38,68,58,71,45,65,32,18,3,52,5,72,52,7,65,37,66,13,61,72,64,37,6,18,50,60,10,43,1,55,9,32,71,5,24,69,40,30,51,21,4,55,17,5,57:6,6,5,2,5,5,8,1,1,1,4,6,7,4,4,1,8,4,3,4,7,1,9,2,5,9,3,9,10,3,5,2,4,8,4,7,8,5,9,5,2,6,9,1,9
66,63,47,54,20,15,24,27,22,1,53,44,67,3,71,46,74,27,45,27,29,13,13,38,30,54,25,60,45,59,72,13,61,48,1,45,29,12,7,17,52,50,44,8,43,36,14,64:3,7,8,5,9,8,10,7,10,7,3,5,7,8,4,2,5,7,4,2,1,9,3,8,9,4,7,7,2,3,1,6,3,6,7,8,8,2,9,7,1,8,9,7,1,4,9,2
34,48,35,60,45,40,18,64,58,10,25,49,6,10,16,10,48,3,15,58,47,67,57,74,38,28,51,49,9,2,37,45,68,60,31,55,53,12,4,33,63,48,41,48,69,53,46:8,2,7,5,8,4,8,8,6,7,10,5,5,2,10,4,8,2,7,3,6,7,9,6,8,8,7,8,8,10,9,6,5,1,7,8,7,7,1,6,3,2,9,3,3,10,1
45,10,22,25,54,26,51,42,10,13,12,18,39,14,6,58,1,9,45,23,54,33,72,30,42,31,25,27,26,28,24,57,1,13,57,27,36,45,48,36,46,21,63,3,71,17,70,1,1,32,20,44,62,11,71:7,9,9,3,10,4,8,6,6,10,9,8,1,5,9,4,10,3,10,7,9,10,8,3,3,8,3,3,5,9,8,1,3,2,10,1,7,9,6,10,7,10,5,10,8,10,6,1,5,8,6,7,8,4,2
32,71,46,68,49,25,17,9,12,43,14,45,53,61,53,18,67,65,39,51,50,4,34,7,23,19,67,12,17,26,51,14,68,26,26,51,10,71,69,7,32,54,14,1,16,6,2,64,27,8,16,32,59,64,51,42,61,56,21,5,12,67,69,33,70,62,51,3,61,55,32,66,39,26,34,11,6,29,35,34,23,27,14,17,24,43,74:3,7,9,2,4,2,9,4,1,8,3,2,8,10,9,9,5,6,10,5,3,1,3,5,9,6,4,8,3,9,9,3,1,7,1,3,9,2,1,4,10,7,3,8,3,8,9,5,2,6,2,7,5,4,9,1,1,2,10,6,6,9,9,2,8,1,1,8,10,7,6,3,8,1,7,2,4,4,5,9,6,9,9,5,9,5,8
69,12,6,16,41,12,45,69,59,16,18,26,60,69,30,67,71,67,26,34,1,33,24,42,52,22,10,1,14,65,32,10,50,17,65,11,8,27,29,71,3,32,7,51,56,22,2,22,41,13,63,71,61,34,33,55,40,14,7,54,32,49,1,25,65,17,30,41,31:10,3,8,3,2,7,1,10,2,2,8,1,2,10,7,8,8,1,5,8,5,6,6,2,4,5,2,5,7,10,10,7,1,9,5,4,7,9,8,6,7,8,8,6,3,10,9,4,10,4,8,8,2,6,2,7,6,6,5,7,10,4,8,1,2,7,9,4,1
7,21,20,73,32,29,27,37,21,8,10,48,53,14,43,22,58,44,12,64,53,8,62,12,17,9,70:2,10,7,8,2,5,3,2,10,1,5,1,4,5,2,2,5,7,8,3,1,2,2,7,5,3,6
1,57,60,20,45,6,20,3,72,60,36,49,36,10,24,64,39,25,20,20,51,47,50,48,59,20,24,33,8,39,21,48,61,34,14,68,8,34,74,62,12,70,74,40,60,34,52,36,64,21:6,5,10,4,6,5,7,7,4,1,1,9,7,5,1,6,4,10,7,5,10,8,5,9,5,5,10,2,10,4,9,9,1,10,8,2,7,5,4,9,6,3,10,8,5,7,6,9,3,6
25,62,71,27,36,45,61,73,36,14,7,8,62,62,8,54,31,48,4,10,1,27,42,26,72,32,70,45:9,7,2,6,4,10,1,4,1,8,9,5,5,8,10,9,6,5,1,1,8,4,9,1,7,6,5,2
44,12,5,13,12,32,43,2,65,68,19,55,67,48,52,47,9,71,74,27,67,63:6,8,9,10,2,5,8,2,10,7,3,8,5,9,5,9,5,10,3,10,10,3
35,12,56,27,13,6,11,12,43,6,17,10,72,65,51,58,25,31,72,32,54,18,39,7,17,50,42,7,71,15,54,39,64,53,37,6,7,51,70,17,73,27:4,4,10,5,10,2,9,4,10,10,1,4,9,5,7,3,8,9,2,6,6,1,10,9,5,1,5,5,10,10,7,7,8,3,3,10,6,2,6,7,6,10
39,48,59,60,47,59,22,28,70,56,34,44,35,8,52,37,6,27,74,41,40,37,38,13,12,30,52,26,73,65,24,26,50,58,43,48,67,73,72,24,68,14,33,36,60,48,65,10,10,27,40,31,12,73,4,21,18,55,30,20,72,41,26,73,46,49,57,40,68,41,25,27,32,47,57,26,68,66,5,7,39,21,68,24,52,26,63,6,68,37,47,22,11:10,4,7,3,7,2,4,5,8,5,6,6,9,6,9,4,6,6,4,4,8,5,9,5,9,6,2,8,7,1,6,10,6,4,2,6,2,8,3,3,5,6,9,10,1,2,7,8,8,3,10,9,9,7,7,2,3,7,8,3,8,6,5,3,9,2,1,9,8,8,7,1,8,8,3,2,5,1,6,8,9,7,1,5,6,10,10,6,3,9,1,9,1
45,34,64,40,50,58,53,46,33,57,46,39,68,41,8,16,39,37,29,6,72,38,63,63,11,60,39,31,61,38,32,62,55,73,55,55,50,39,23,42,3,23,37,58,53,39,52,71,12,63,49,28,6,35,48,68,14,67,52,38,17,27,59,72,66,43,22,45,54,9,28,54,43,36,8,23,54,15,46,8,31,39,10,38,20,62,31,8,44,33,57,55,69,65:5,8,5,5,10,5,1,5,3,4,3,5,5,6,9,7,9,7,9,1,6,7,7,10,3,6,9,8,2,9,10,6,6,9,8,10,4,2,9,5,10,9,4,8,1,6,4,7,4,1,7,9,7,9,10,7,3,5,4,6,10,5,4,5,5,2,4,3,7,7,3,2,7,4,8,10,3,2,6,7,6,7,6,7,2,9,3,10,10,5,7,5,6,7
34,10,71,57,29,68,19,30,25,63,29,14,61,68,74,11,71,11,42,46,64,25,67,29,10,41,54,70,36,59,44,13,24,23,5,48,35,30,3,44,3,61,7,51,53,5,30,55,74,60,17,22,37,69,35,11,15,60,17,55,57,9,31,55,33,20,15,6,31,12,23,15:1,7,6,10,7,9,6,7,8,5,9,3,5,5,7,9,1,7,9,4,6,6,1,3,6,10,4,7,10,1,8,1,8,2,2,8,5,9,1,10,8,10,10,10,5,6,2,9,4,10,4,5,6,1,1,4,3,2,2,6,4,5,3,1,2,6,7,5,10,4,3,5
52,58,11,39,38,33,56,67,70,19,53,28,36,21,56,1,40,37,24,9,4,68,15,35,27,54,37,21,17,7,46,71,19,9,33,69,60,65,22,45,8,57,20:4,7,4,9,7,6,6,4,3,1,4,7,7,2,10,8,5,3,1,6,7,2,4,7,4,10,6,5,8,4,3,10,9,5,4,8,8,5,7,1,7,2,7
33,14,11,69,51,73,8,9,36,71,42,73,37,15,19,55,49,6,49,55,45,11,72,23,44,15,32,27,72,3,34,4,65,53,60,53,29,48,70,17,60,16,48:7,10,7,3,1,8,9,3,1,1,8,8,7,2,6,7,3,2,6,6,2,10,3,5,1,9,4,10,6,8,2,1,3,3,2,6,9,9,7,2,5,4,3
71,26,11,13,58,25,19,51,62,46,14,43,17,20,34,13,38,18,70,43,60,16,37,1,50,51,29,25,50,63,24,36,16,49,44,25,68,72,50,11,55,48,37,35,49,23,55,46,52,74,65,25,9,39,14,60,29,5,8,35,35,53,45,71,19,50,62,48:4,2,10,7,2,5,4,1,4,2,7,1,3,8,6,7,10,1,3,10,9,1,6,2,1,9,6,7,1,9,2,1,2,7,9,3,5,1,3,4,6,8,6,7,7,8,6,4,4,8,9,6,10,7,2,6,4,5,5,7,7,3,8,9,2,10,9,7
15,7,61,49,2,51,11,25,29,64,74,5,59,71,37,69,51,58,68,11,24,13,34,74,56,7,45,54,73,21,35,36,59,37,21,5,44,58,41,38,34,21,67,34,50,57,72,37:9,8,1,10,9,7,1,9,5,1,8,7,5,2,1,8,9,3,6,6,6,6,5,2,10,3,8,8,2,6,7,3,1,6,2,9,4,6,8,4,8,7,10,10,5,6,2,7
41,40,17,8,3,24,63,6,3,18,41,20,32,57,33,29,1,28,65,25,54,46,28,44,67,50,5,59,70,72,2,14,42,34,2,63,64,57,48,31,7,63,2,13,11,2,55,18,58,56,35,71,56,54,36,45,55,42,9,62,43,37,2,52,65,26,23,13,54,30,3,66,64,57,52,14:1,4,1,7,10,10,4,9,8,7,5,7,5,1,7,9,9,7,9,2,5,10,4,5,7,2,10,4,2,9,7,8,8,1,2,1,8,10,9,1,3,5,8,10,8,9,4,9,1,5,9,9,2,3,4,1,6,8,4,7,3,10,9,4,4,6,4,4,1,9,1,7,1,10,10,1
28,41,60,40,73,7,25,22,15,10,46,31,42,23,49,32,5,46,3,59,8,61,50,20,26,55,28,60,25,19,57,9,48,17,45,68,49,36,45,44,64,22,55,40,9,62,29,34,21,20,24,32,48,21,74,30,19,58,22:1,3,6,7,8,8,2,4,3,3,8,10,8,10,10,3,7,9,7,2,7,6,3,2,1,4,8,2,2,10,6,6,5,3,6,7,6,8,5,6,6,6,8,7,2,10,8,9,10,8,4,4,8,10,3,2,9,6,2
49,37,22,51,54,19,43,26,58,36,23,20,49,73,60,16,62,64,6,4,41,41,66,51,36,4,2,47,17,71,4,31,25,51,7,8,9,71,59,42,43,4,16,25,18,68,37,73,47,26:10,4,5,6,5,4,3,2,8,8,5,7,4,2,9,10,4,5,2,5,1,1,7,4,5,8,7,10,5,7,3,4,3,8,7,3,4,3,2,1,6,5,6,7,4,8,3,10,1,2
52,21,10,47,54,68,54,46,55,42,26,25,61,28,8,25,66,33,21,39,41,73,34,9,66,47,40,27,66,46,40,48,60,9,8,3,25,33,47,3,1,69,25,47,45,50,73,66,6,6,64,42,37,66,73,15,32:2,9,5,2,5,8,8,1,10,2,10,9,8,1,1,3,2,3,7,8,8,5,7,3,3,6,4,9,5,9,6,4,10,5,1,9,6,3,4,2,9,9,7,2,3,3,9,1,9,4,3,2,4,5,2,3,2
14,45,41,26,49,70,64,30,33,56,37,52,63,4,66,10,33,43,5,23,20,42,33,50,41,29,15,49,45,64,36,37,45,32,48,74,70,8,68,40,16,9:9,5,4,9,6,8,6,10,9,3,5,2,4,6,10,3,6,7,2,8,1,8,4,7,10,2,9,5,3,1,3,9,6,7,6,8,3,4,9,7,6,9
29,23,43,46,44,31:7,9,8,9,4,2
20,42,42,45,13,49,49,53,23,25,35,18,23,64,67,14,21,70:2,2,3,8,9,2,8,6,6,9,9,8,7,3,4,4,1,6
23,66,30,26,49,30,13,49,63,26,30,72,19,27,67,49,64,67,26,59,61,44,36,60,65,72,48,53,60,13,15,36,58,53:4,6,3,6,5,9,3,7,4,3,3,8,8,7,10,2,4,10,10,1,1,5,5,5,4,8,10,1,2,10,8,10,10,10
63,73,44,71,64,7,68,71,33,51,64,36,55,24,66,63,41,36,56,12,54,31,21,33,53,25,60,32,73,36,66,4,25,31,65,20,34,4,50,22,23,26,65,56,15,50,60,32,21,38,32,18,47,12,13,56,38,42,54,38,58,52,61:8,3,7,5,2,9,10,1,7,5,8,4,9,9,1,1,3,5,6,10,8,1,8,3,2,4,5,1,5,9,4,5,1,4,1,4,8,6,10,5,5,2,7,8,1,10,2,5,9,10,10,4,3,5,8,2,1,7,1,5,10,6,9
10,41,48,28,51,37,33,60,72,68,34,24,6,62,23,20,33,19,62,52,41,38,31,74,52,63,25,49,49,3,7,28,45,46,23,52,44,56,34,29,37,37,36,13,24,49,54,20,13,60,32,59:10,6,9,7,2,7,10,8,7,7,4,3,3,4,3,3,7,9,8,4,9,3,8,2,2,4,4,4,10,10,8,5,5,6,4,8,6,4,7,7,10,3,6,2,6,10,6,10,9,4,7,1
7,68,74,67,71,29,49,4,14,4,29,21,20,60,40,32,19,11,58,34,26,26,16,67,56,71,9,44,25,32,5,67,58,17,63,70,63,64,4,49,41,55,66,12,7:6,5,10,6,3,4,1,4,8,6,9,10,3,10,3,6,5,7,10,9,9,6,1,10,10,2,1,5,5,2,3,8,8,9,3,3,5,5,10,3,3,4,4,5,5
15,60,25,52,45,5,47,44,8,30,53,48,64,58,56,27,34,53,68,31,68,9,73,8,32,25,8,69,31,53,42,70,13,65,10,24,71,14,14,5,9,8,45,17,25,70,16,35,52,43,25,70,74,49,14,72,12,36,24,14,34,12,27,60,37,42,36,40,39,42,13,67,11,24,67:7,5,3,8,1,5,6,1,8,7,9,2,1,7,7,2,3,5,5,5,4,4,5,7,7,3,5,5,2,9,4,6,4,10,7,6,3,2,3,4,9,6,2,6,4,9,7,1,7,7,6,5,2,7,2,6,8,2,6,4,5,9,3,10,4,9,5,4,5,5,2,9,10,1,3
69,74,62,27,5,32,49,4,57,10,53,60,14,39,27,27,50,3,59,71,69,38,19,20,39,21,6,18,11,10,14,46,61,16,52,64,2,34,31,64,13,72,32,40,61,18,11,72,62,25,19,43,19,30,49,13,25,54,10,73,5,14,6,51,15,18,31,74,54,55,63,44,33,74,63,58,62,42,56,60,40:7,9,8,5,10,8,7,3,3,4,3,10,2,6,5,5,1,9,8,7,5,9,4,1,8,7,6,1,3,2,5,8,5,2,2,7,10,10,7,8,4,8,6,5,9,10,7,3,3,6,4,7,4,8,5,2,2,7,7,5,9,10,3,4,4,8,3,2,6,1,6,3,3,6,7,3,4,2,1,5,3
43,38,43,15,16,56,60,34,63,17,68,11,54,1,33,26,64,21,9,69,68,54,33,24,45,47,74,2,12,59,14,34,7,46,56,12,21,41,46,12,73,41,39,60:3,6,3,1,10,2,4,4,4,1,3,6,7,7,3,1,6,3,8,6,5,10,4,7,9,3,3,3,9,10,3,2,4,4,4,4,8,3,2,4,1,2,10,5
57,18,68,15,1,36,29,24,42,31,31,45,16,62,71,26,26,38,49,2,18,65,46,28,49,31,29,23,74,17,30,43,47,49,39,11,73,25,30,41,18,48,65,14,47,2,13,68,42,68,70,42,9,1,72,46,53,18,39,24,68,45,67,42,23,17,57,37,69,49,22,64,36,28,21:4,8,8,9,6,2,6,4,6,2,7,2,5,2,1,3,5,4,3,4,1,6,6,1,6,10,10,5,3,10,10,7,3,5,4,4,9,5,6,6,7,10,7,10,5,8,10,9,7,6,1,9,10,4,8,3,4,3,9,8,7,7,6,9,6,7,7,8,3,5,8,5,6,10,5
19,35,46,33,32,14,26,47,73,37,46,1,64,3,45,63,18,47,70,28,64,47,27,5,32,11,54,20,3,60,6,36,28,20,15,43,15,31,4,18,33,67,12,3,47,57,56,22,52,15,49,7,70,31,34,30,59,4,49,64,17,71,47,59,57,13,39,47,59,5,44,9,43,73,24,25,41,6,35,16,33,62,8,34,51,28,59,19,40,30:6,9,6,10,4,6,7,3,7,5,3,7,2,9,5,6,5,1,5,5,8,9,9,9,8,2,8,5,7,7,3,7,3,8,8,5,10,10,10,5,8,5,10,6,9,8,9,4,5,9,9,6,6,3,5,9,7,7,10,6,8,5,3,1,2,8,10,4,1,4,5,6,10,6,4,9,10,9,7,2,4,9,7,1,4,1,8,1,3,2
37,58,14,31,22,39,31,56,2,26,19,67,65,12,29,53,5,11,18,32,22,48,7,18,28,68,34,64:4,3,3,10,3,2,1,4,8,6,1,10,8,9,2,3,6,1,10,1,5,2,3,4,10,6,6,10
35,42,24,21,35,10,50,72,47,24,64,38,10,48,52,64,48,47,23,43,11,52,13,29,7,67,22,37,62,55,45,5,69,45,27,38,16,45,1,62,54,51,59,57,30,15,41,71,22,49,64,50:7,5,3,4,4,8,1,2,7,8,6,10,4,8,6,1,3,1,1,4,6,7,10,10,5,7,2,1,3,3,10,10,1,5,3,4,1,9,3,5,7,10,9,5,7,4,2,9,8,10,2,7
16,54,65,42,18,14,69,2,36,40,10,1,36,56,41,69,27:9,7,1,6,1,7,8,6,2,4,9,5,2,4,7,1,4
65,38,72,39,50,74,1,14,35,7,42,8,69,55,21,11,24,17,70,73,29,54,7,52,70,35,53,74,64,70,63,55,8,47,73,8,34,7,66,26,27,30,14,61,17,12,6,46,33,22,35,8,28,19,34,34,17,20,41,13,54,46,32,42,36,30,24,12,48:8,10,8,7,5,2,1,3,8,10,2,6,4,9,9,8,10,2,9,2,4,9,6,6,7,7,2,8,3,6,5,2,7,2,7,10,3,4,4,6,2,10,8,2,6,2,5,7,10,2,2,9,3,5,6,7,2,3,6,4,3,6,6,3,6,10,6,7,5
44,5,71,22,30,21,56,14,35,24,32,3,36,48,60,66,55,34,46,15,24,21,54,34,64,29,41,54,54,5,74,7,45,20,22,2,10,73,26,36,52,69,74,34,9,40,16,44,5,25,9,35,36,73,60,58,15,30,47,30,68,50,50,37,56,1,20,26,44,71:10,9,7,10,6,5,9,1,10,6,6,7,3,7,7,5,8,5,9,3,6,2,9,9,10,9,1,6,1,2,2,10,4,8,9,5,5,3,7,3,9,7,8,3,1,10,8,10,8,1,2,5,2,6,7,10,6,3,3,1,7,4,7,9,1,9,10,8,3,7
74,29:3,6
71,2,49,10,47,11,31,25,12,11,69,65,17,35,70,64,72,36,56,60,65,23,3,46,25,67,23,53,17,11,14,47,39,1,35,57,70,55,18,35,19,24,48,34,39,38,22,34,20,65,44,4,33,17,35,43,10,38,35,73,73:7,1,3,9,4,5,4,10,2,6,8,3,10,1,2,5,7,8,9,10,7,4,4,3,1,4,6,1,7,3,9,8,10,1,7,3,4,1,2,10,1,8,5,5,2,7,3,5,2,10,4,8,5,8,5,5,3,5,7,8,10
71:4
42,26,9,46,7,42,48,72,43,39,35,10,50,3,36,67,48,26,34,73,13,3,11,49,46,12,59,70,37,40,74,36,67,32,38,40,21,40,35,42,34,58,27,72,1,57:9,1,10,2,8,5,5,7,1,10,10,9,6,9,10,1,3,6,6,4,10,3,4,4,9,6,1,8,2,4,1,7,10,6,3,6,7,8,4,9,6,1,10,5,9,5
72,42,44:7,7,7
4,69,58,14,12,59,1,69,43,50,7,21,5,34,7,5,47,28,8,66,52,69,25,23,23,64,42,23,55,70,32,12,28,66,11,32,46,42,52,7,33,7,63,2,2,67,57,58,34,44,73,46,23,23,16,38,26,24,34,33,53,42,46,74,9,19,3,42,4,50,30,11,73,27,36,3,39,65:6,3,3,8,6,7,3,9,4,6,9,10,5,3,1,3,4,8,8,5,6,4,10,7,3,6,8,1,8,2,6,1,8,2,2,2,3,4,1,7,10,7,10,1,9,4,5,7,6,8,7,2,6,1,3,10,2,7,1,1,7,10,5,8,8,9,10,3,10,5,9,2,4,4,8,9,9,8
46,51,42,55,63,58,38,58,36,43,30,62,36,51,63,36,27,74,63:5,7,5,10,3,9,9,7,3,1,10,8,3,10,4,6,8,2,3
1,42,17,52,71,33,73,13,44,34,15:6,6,2,7,9,9,4,1,4,7,6
27,5,27,17,5,2,4,7,64,32,7,10,60,61,31,45,59,63,20,68,15,59,52,56,55,52,50,2,41,18,62,61,30,53,28,34,65,71,6,8,20,28,8,29,26,8,71,40,4,72,45,26,22,55,16,50,67,49,34:3,2,1,2,10,8,2,8,1,2,8,6,3,8,8,8,1,6,4,3,10,5,6,5,1,1,6,9,7,9,8,9,10,8,1,8,6,5,6,8,6,9,6,2,10,6,1,3,5,2,9,8,3,2,4,10,2,7,9
62,49,64,24,14,67,48,21,4,72,19,36,2:2,7,9,3,8,7,1,3,4,1,1,9,5
45,64,2,64,38,15,18,54,62,57,69,9,49,35,2,26,2,56,4,9,19,3,50,3,47,42,14,25,50,58,32,63,18,10,26,25,41,45,16,6,12,38,43,48,59,39,69,43,6,12,10,60,3,31:3,9,8,2,4,9,3,8,9,4,7,8,7,7,5,9,5,3,4,4,6,1,9,7,7,2,7,9,2,9,6,2,2,9,1,7,9,2,10,2,9,3,8,3,6,10,3,1,5,3,9,2,9,7
74,61,2,53,24,63,26,19,38,62,70,25,45:1,9,5,4,6,3,8,2,5,3,4,4,1
13,55,27,25,49,66,48,25,30,4,52,26,19,37,1,2,46,61,52,20,21,6,47,23,40,26,57,40,45,66,4,73,45,6,74,30,44,34,25,43,13,40,62,35,46,12,51,66,5,47,36,54,42,52,10,42,74,53,68,9,63,54,51,45,65,12,53:9,2,4,6,6,7,6,2,1,3,5,1,2,3,5,1,8,9,7,8,7,7,3,5,10,4,1,8,1,4,6,6,2,6,5,6,8,9,2,2,4,5,7,10,9,7,8,2,8,10,8,2,5,7,7,4,2,1,10,5,5,6,2,9,2,3,6
51,29,69,30,65,68,28,13,10,1,25,42,27,72,16,56,7,22,73,61,41,41,35,42,12,9,72,38,47,16,27,5,67,29,67,21,9,7,51,31,71,11,59,4,69,65,47,14,56,52,61,16,26,56,31,12,31,13,70,73,25,53,58,44,51:1,6,3,10,4,5,7,3,4,1,1,9,6,2,8,10,6,8,10,7,2,10,2,5,6,10,10,3,8,9,3,1,2,5,10,7,2,8,6,4,5,3,2,7,8,7,9,2,2,10,5,8,9,5,4,1,3,1,4,8,5,6,2,10,1
66,3,68,33,40,24,53,64,70,54,69,16,36,47,3,44,69,71,40,29,31,50,35,43,39,58,27,8,18,65,49,17,7,38,48,12,2,53,11,54,62,5,72,3,10,25,36,58,43,5,17,69,70:6,9,4,7,7,2,7,2,10,2,7,9,6,8,6,3,8,1,8,5,10,7,5,1,5,2,10,8,9,1,2,8,4,5,4,7,7,9,3,5,7,9,5,6,6,1,5,3,8,8,3,3,5
58,73,65,43,73,16,63,2,12,67,39,53,70,18,52,36,12,74:7,3,8,7,10,8,2,4,4,10,8,2,2,2,7,2,4,10
20,10,48,71,37,61,20,32,66,22,68,29,71,28,54,19,58,69,52,67,53,19,2,74,20,31,1,5,72,41,50,48,16,47,35,45,7,67,16,6,22,1,48,70,68,29,33,30,46,48,66,7,55,17,38,23,43,33,50,15,2,20,18,73,8,42,59,47,22,64,65,27,46,39,27,64:2,8,5,9,6,10,5,7,7,8,3,6,1,9,7,9,10,2,4,6,1,5,6,3,6,9,8,6,8,3,4,6,5,8,9,6,3,8,6,7,4,6,1,1,6,3,8,7,2,4,1,7,3,4,10,2,10,7,1,7,4,3,2,10,4,10,6,1,7,4,8,8,9,4,9,6
66,43,17,63,3,40,19,33,18,34,66,32,13,49,33,2,22,8,4,59,39,51,27,44,5,54,61,72:8,8,2,4,9,3,8,4,3,8,1,5,6,2,2,1,1,9,7,9,5,9,8,7,3,4,4,9
66,12,29,62,29,52,25,12,43,71,51,72,10,31,39,45,2,16,20,67,48,4,73,15,40,34,23,11,1,40,68,31,72,35,66,5,13,60,9,32,31,71,38,6,48,11,17,13,38,19,2,34,45,47,20,63,53,70,20,58,24,56,24:10,8,1,3,7,2,6,10,7,4,7,2,2,3,1,10,4,7,3,7,2,8,2,10,1,3,6,6,9,2,4,1,3,10,10,10,8,9,4,1,3,3,9,1,6,5,7,7,1,5,8,5,2,1,4,2,2,7,8,6,2,3,4
30,4,51,42,28,21,2,3,66,55,46,58,63,19,32,7,58,69,46,66,57,44,20,21,53,70,29:9,7,9,7,6,1,9,6,5,3,9,8,4,1,10,2,1,1,7,2,9,6,5,4,4,8,9
6,19,63,60,53,26,11,70,56:1,2,6,5,9,1,10,4,8
30,71,52,42,7,1,73,67,45,2,41,17,59,8,72,54,63,2,70,4,24,45,65,55,36,73,50,42,15,41,14,43,2,35,67,5,29,22,29,62,13,17,38,39,73,66,13,23,69,46,49,52,7,32,26,7,17,4:4,4,10,2,9,4,6,7,10,2,9,3,4,8,8,2,10,5,8,7,6,6,1,1,1,7,6,3,4,5,8,4,2,8,5,2,6,2,6,6,4,4,1,3,3,3,6,9,4,5,2,8,4,10,2,5,7,6
59,47,1,14,16,26,10,31,34,55,8,25,36,8,15,1,28,44,8,4,29,4,40,71,49,10,6,21,21,17,8,32,18,31,54,5,47,43,25,35,74,22,51,38,39,19,66,32,31,57,74,3,20,15,40,46,47,71,47,37,12,43,55,52,68,74,9,32,42,60,42,60,14,20,10,2,30,65,47,72,29,10,5,25,13,9,66,63,15,7,61,69,30,47,12:2,10,8,1,10,4,9,7,9,3,5,10,4,6,5,6,2,4,8,1,3,10,4,3,7,7,3,4,10,8,10,6,10,1,10,6,9,8,1,5,5,5,6,4,1,8,2,6,7,1,2,5,5,2,2,8,8,5,5,10,3,5,2,4,4,7,1,8,4,3,5,9,4,8,5,2,3,6,3,4,4,8,6,10,9,6,3,5,5,7,10,5,2,5,7
72,68,68:4,4,6
55,38,70,66,68,42,69,16,19,37,12,41,57,74,66,21,58,29,49,55,63,55,2,45,35,26,4,40,70,6,11,51,23,27,32,66,17,5,57,44,64,53,58,23,4,61,35,3,73,11,8,24,12,48,33,33,17,2,74,54,11,34,23,55,26,70,2,56,21,60,52,52,13,33,66,60,33:8,1,5,3,1,1,4,6,7,3,9,4,8,3,3,2,7,10,5,5,1,2,4,5,9,10,5,10,8,5,2,7,2,6,9,7,2,7,9,9,10,7,8,1,6,9,10,2,1,1,2,4,9,5,9,4,3,2,4,9,7,7,8,7,2,8,9,6,4,9,10,9,2,3,4,7,4
72,11,53,58,21,37,56,47,47,52,37,39,22,32,18,66,22,15,41,38,2,36,39,66,40,10,21,5,4,57,39,68,19,30,4,41,67,33,24,66,29,20,6,22,23,41,71,36,65,33,50,29,2,49,23,12,23,8,9,49,14,17,44,21,29,15,62,17,26,14,64,11,35,22,31,38,10,15,54,61,33,14,18,56,54,9,37,20:2,6,6,1,3,7,6,1,4,7,8,9,7,4,4,6,6,10,3,9,6,4,4,10,6,6,2,5,8,5,7,6,6,1,7,5,7,3,10,5,1,10,6,8,5,2,9,6,8,1,3,10,10,7,3,3,8,7,1,3,4,9,9,5,1,10,4,6,8,6,6,4,1,2,3,2,10,7,2,4,1,2,3,2,6,7,2,8
43,38,46,69,41,47,26,31,45,48,40,53,9,72,22,46,15,26,38,52,32,14,65,32,6,50,63,51,66,60,61,56,4,53,20,70,51,72,54,27,55,28,34,5,22,21,57,50,51,45:6,5,6,6,5,4,2,3,8,4,5,2,4,9,8,1,7,8,8,7,6,6,6,3,10,8,9,6,3,9,4,9,1,4,10,9,5,2,1,2,10,7,2,4,6,5,9,10,9,1
69,40,28,59,17,1,6,3,36,14,16,19,18,67,3,41,27,74,9,53,61,51,68,44,12,64,3,56,23,7,46,11,48,3,47,54,64,58,70,4,57,37,14,13,45,74,7,4,21,68,69,41,25,50,35,28,47,59,70,61,36,34,37,56,54,7:9,2,1,3,4,7,2,1,9,10,10,7,10,8,8,4,4,2,5,3,3,4,9,3,6,1,1,9,7,5,1,4,4,7,2,3,8,5,6,1,4,2,4,1,5,1,3,2,5,6,3,6,8,8,8,2,8,10,7,8,6,6,8,10,10,1
19,7,32,56,14,44,26,67,50,6,16,50,5,33,19,46,71,12,70,26,13,41,17,26,39,59,60,30,8,30,70,72,17,33,65,48,43,53,2,66,64,66,70,44,17,9,25,40,72,31,12,64,27:4,5,3,8,6,5,10,2,8,3,3,4,3,9,6,9,8,5,8,6,5,10,2,9,5,1,4,10,2,1,8,9,3,10,9,8,9,2,5,8,3,2,9,6,5,8,10,4,7,10,6,1,4
5,34,55,69,25,29,31,10,70,44,42,20,62,56:8,3,3,10,1,6,6,7,2,7,7,3,10,2
67,58,18,33,48,42,6,33,8,6,33,17,19,60,31,25,31,40,1,40,45,12,38,9,37,26,74,38,25,67,63,64,36,26,32,25,56,41,32,37,49,46,38,25,3,66,35,54,52,44,17,2,40,1,71,56,62,11,13,7,24,9:8,6,9,8,8,2,9,8,1,1,5,5,2,10,8,4,10,2,6,10,4,1,5,1,3,1,6,8,2,6,8,10,10,7,5,7,9,6,3,5,5,10,10,6,2,6,8,7,9,10,6,7,1,6,5,7,2,7,1,1,5,7
62,18,40,68,1,70,1,4,61,18,42,70,31,33,16,32,23,48,28,2,59,73,70,21,31,6,24,39,21,8,45,8,49,6,47,13:1,4,4,4,8,4,3,5,9,8,10,2,2,8,2,5,6,2,8,1,2,1,1,4,2,9,2,1,8,3,2,9,6,3,4,8
41,63,48,73,9,30,58,33,69,3,60,46,67,15,59,8,45,42,65,48,71,31,56,12,56,53,48,21,19,68,55,66,40,45,36,67,56,12,58,3,47,18,13,49,7,45,19,41,12,17,11,14,18,19,21,63,27,62,54,36,46,53,42,30,22,1,71,1,27,3,16,4,32,4,39,29,30,74,27:4,3,1,7,2,2,4,4,7,8,4,1,9,5,5,5,9,4,6,3,1,1,4,7,4,1,5,9,6,9,10,10,10,4,8,4,1,7,3,8,8,10,4,3,10,9,2,6,10,9,9,1,1,2,2,6,3,7,3,9,5,4,3,4,7,10,1,10,10,9,3,3,3,3,6,5,6,9,6
34,9,20:2,7,6
59,20,37,1,69,24,17,4,45,18,49,44,23,54,21,48,39,26,64,30,14,28,72,42,14,6,7,73,16,26,19,60,16,60,41,38,54,41,49,28,30,26,38,15,69,25,49,57,26,54,45,73,57,63,21,13:8,1,3,9,2,5,3,5,10,10,5,6,8,5,2,10,3,5,10,10,2,3,3,5,4,9,6,3,1,4,10,10,7,7,6,10,5,8,9,9,2,10,6,9,7,2,2,5,5,9,5,4,1,6,8,4
